–езультаты расчета
ar/ћес€ц   S1   S2   S3   S4   S5   S6   S7   S8   S9   S10   Sдоп1   Sдоп2   Sдоп3   —умма      
0,50/ 1   3,155   9,645   9,645   1112,701   9,449   30,670   834,102   571,558   69,118   167,889   0,000   0,000   0,000   2580,925      
0,50/ 2   6,310   19,290   19,290   556,351   4,724   15,335   417,051   285,779   34,559   83,944   0,000   0,000   0,000   1324,13      
0,50/ 3   9,465   28,934   28,934   370,900   3,150   10,223   278,034   190,519   23,039   55,963   0,000   0,000   0,000   920,159      
0,50/ 4   12,620   38,579   38,579   278,175   2,362   7,667   208,525   142,889   17,280   41,972   0,000   0,000   0,000   729,396      
0,50/ 5   15,776   48,224   48,224   222,540   1,890   6,134   166,820   114,312   13,824   33,578   0,000   0,000   0,000   623,92      
0,50/ 6   18,931   57,869   57,869   185,450   1,575   5,112   139,017   95,260   11,520   27,981   0,000   0,000   0,000   561,083      
0,50/ 7   22,086   67,514   67,514   158,957   1,350   4,381   119,157   81,651   9,874   23,984   0,000   0,000   0,000   522,61      
0,50/ 8   25,241   77,158   77,158   139,088   1,181   3,834   104,263   71,445   8,640   20,986   0,000   0,000   0,000   499,368      
0,50/ 9   28,396   86,803   86,803   123,633   1,050   3,408   92,678   63,506   7,680   18,654   0,000   0,000   0,000   486,277      
0,50/10   31,551   96,448   96,448   111,270   0,945   3,067   83,410   57,156   6,912   16,789   0,000   0,000   0,000   480,295      
0,50/11   34,706   106,093   106,093   101,155   0,859   2,788   75,827   51,960   6,283   15,263   0,000   0,000   0,000   479,481      
0,50/12   37,861   115,738   115,738   92,725   0,787   2,556   69,508   47,630   5,760   13,991   0,000   0,000   0,000   482,543      
0,50/13   41,016   125,382   125,382   85,592   0,727   2,359   64,162   43,966   5,317   12,915   0,000   0,000   0,000   488,586      
0,50/14   44,172   135,027   135,027   79,479   0,675   2,191   59,579   40,826   4,937   11,992   0,000   0,000   0,000   496,976      
0,50/15   47,327   144,672   144,672   74,180   0,630   2,045   55,607   38,104   4,608   11,193   0,000   0,000   0,000   507,237      
0,50/16   50,482   154,317   154,317   69,544   0,591   1,917   52,131   35,722   4,320   10,493   0,000   0,000   0,000   519,021      
0,50/17   53,637   163,962   163,962   65,453   0,556   1,804   49,065   33,621   4,066   9,876   0,000   0,000   0,000   532,06      
0,50/18   56,792   173,606   173,606   61,817   0,525   1,704   46,339   31,753   3,840   9,327   0,000   0,000   0,000   546,142      
0,50/19   59,947   183,251   183,251   58,563   0,497   1,614   43,900   30,082   3,638   8,836   0,000   0,000   0,000   561,105      
0,50/20   63,102   192,896   192,896   55,635   0,472   1,533   41,705   28,578   3,456   8,394   0,000   0,000   0,000   576,817      
0,50/21   66,257   202,541   202,541   52,986   0,450   1,460   39,719   27,217   3,291   7,995   0,000   0,000   0,000   593,171      
0,50/22   69,412   212,186   212,186   50,577   0,429   1,394   37,914   25,980   3,142   7,631   0,000   0,000   0,000   610,078      
0,50/23   72,567   221,830   221,830   48,378   0,411   1,333   36,265   24,850   3,005   7,300   0,000   0,000   0,000   627,464      
0,50/25   78,878   241,120   241,120   44,508   0,378   1,227   33,364   22,862   2,765   6,716   0,000   0,000   0,000   663,457      
0,33/ 1   3,155   6,423   6,423   741,059   9,449   30,670   834,102   571,558   69,118   167,889   0,000   0,000   0,000   2202,839      
0,33/ 2   6,310   12,847   12,847   370,530   4,724   15,335   417,051   285,779   34,559   83,944   0,000   0,000   0,000   1125,423      
0,33/ 3   9,465   19,270   19,270   247,020   3,150   10,223   278,034   190,519   23,039   55,963   0,000   0,000   0,000   776,951      
0,33/ 4   12,620   25,694   25,694   185,265   2,362   7,667   208,525   142,889   17,280   41,972   0,000   0,000   0,000   610,716      
0,33/ 5   15,776   32,117   32,117   148,212   1,890   6,134   166,820   114,312   13,824   33,578   0,000   0,000   0,000   517,378      
0,33/ 6   18,931   38,541   38,541   123,510   1,575   5,112   139,017   95,260   11,520   27,981   0,000   0,000   0,000   460,487      
0,33/ 7   22,086   44,964   44,964   105,866   1,350   4,381   119,157   81,651   9,874   23,984   0,000   0,000   0,000   424,419      
0,33/ 8   25,241   51,387   51,387   92,632   1,181   3,834   104,263   71,445   8,640   20,986   0,000   0,000   0,000   401,37      
0,33/ 9   28,396   57,811   57,811   82,340   1,050   3,408   92,678   63,506   7,680   18,654   0,000   0,000   0,000   387      
0,33/10   31,551   64,234   64,234   74,106   0,945   3,067   83,410   57,156   6,912   16,789   0,000   0,000   0,000   378,703      
0,33/11   34,706   70,658   70,658   67,369   0,859   2,788   75,827   51,960   6,283   15,263   0,000   0,000   0,000   374,825      
0,33/12   37,861   77,081   77,081   61,755   0,787   2,556   69,508   47,630   5,760   13,991   0,000   0,000   0,000   374,259      
0,33/13   41,016   83,505   83,505   57,005   0,727   2,359   64,162   43,966   5,317   12,915   0,000   0,000   0,000   376,245      
0,33/14   44,172   89,928   89,928   52,933   0,675   2,191   59,579   40,826   4,937   11,992   0,000   0,000   0,000   380,232      
0,33/15   47,327   96,352   96,352   49,404   0,630   2,045   55,607   38,104   4,608   11,193   0,000   0,000   0,000   385,821      
0,33/16   50,482   102,775   102,775   46,316   0,591   1,917   52,131   35,722   4,320   10,493   0,000   0,000   0,000   392,709      
0,33/17   53,637   109,198   109,198   43,592   0,556   1,804   49,065   33,621   4,066   9,876   0,000   0,000   0,000   400,671      
0,33/18   56,792   115,622   115,622   41,170   0,525   1,704   46,339   31,753   3,840   9,327   0,000   0,000   0,000   409,527      
0,33/19   59,947   122,045   122,045   39,003   0,497   1,614   43,900   30,082   3,638   8,836   0,000   0,000   0,000   419,133      
0,33/20   63,102   128,469   128,469   37,053   0,472   1,533   41,705   28,578   3,456   8,394   0,000   0,000   0,000   429,381      
0,33/21   66,257   134,892   134,892   35,289   0,450   1,460   39,719   27,217   3,291   7,995   0,000   0,000   0,000   440,176      
0,33/22   69,412   141,316   141,316   33,685   0,429   1,394   37,914   25,980   3,142   7,631   0,000   0,000   0,000   451,446      
0,33/23   72,567   147,739   147,739   32,220   0,411   1,333   36,265   24,850   3,005   7,300   0,000   0,000   0,000   463,124      
0,33/25   78,878   160,586   160,586   29,642   0,378   1,227   33,364   22,862   2,765   6,716   0,000   0,000   0,000   487,523      
0,25/ 1   3,155   4,822   4,822   556,351   9,449   30,670   834,102   571,558   69,118   167,889   0,000   0,000   0,000   2014,929      
0,25/ 2   6,310   9,645   9,645   278,175   4,724   15,335   417,051   285,779   34,559   83,944   0,000   0,000   0,000   1026,664      
0,25/ 3   9,465   14,467   14,467   185,450   3,150   10,223   278,034   190,519   23,039   55,963   0,000   0,000   0,000   705,775      
0,25/ 4   12,620   19,290   19,290   139,088   2,362   7,667   208,525   142,889   17,280   41,972   0,000   0,000   0,000   551,731      
0,25/ 5   15,776   24,112   24,112   111,270   1,890   6,134   166,820   114,312   13,824   33,578   0,000   0,000   0,000   464,426      
0,25/ 6   18,931   28,934   28,934   92,725   1,575   5,112   139,017   95,260   11,520   27,981   0,000   0,000   0,000   410,488      
0,25/ 7   22,086   33,757   33,757   79,479   1,350   4,381   119,157   81,651   9,874   23,984   0,000   0,000   0,000   375,618      
0,25/ 8   25,241   38,579   38,579   69,544   1,181   3,834   104,263   71,445   8,640   20,986   0,000   0,000   0,000   352,666      
0,25/ 9   28,396   43,402   43,402   61,817   1,050   3,408   92,678   63,506   7,680   18,654   0,000   0,000   0,000   337,659      
0,25/10   31,551   48,224   48,224   55,635   0,945   3,067   83,410   57,156   6,912   16,789   0,000   0,000   0,000   328,212      
0,25/11   34,706   53,046   53,046   50,577   0,859   2,788   75,827   51,960   6,283   15,263   0,000   0,000   0,000   322,809      
0,25/12   37,861   57,869   57,869   46,363   0,787   2,556   69,508   47,630   5,760   13,991   0,000   0,000   0,000   320,443      
0,25/13   41,016   62,691   62,691   42,796   0,727   2,359   64,162   43,966   5,317   12,915   0,000   0,000   0,000   320,408      
0,25/14   44,172   67,514   67,514   39,739   0,675   2,191   59,579   40,826   4,937   11,992   0,000   0,000   0,000   322,21      
0,25/15   47,327   72,336   72,336   37,090   0,630   2,045   55,607   38,104   4,608   11,193   0,000   0,000   0,000   325,475      
0,25/16   50,482   77,158   77,158   34,772   0,591   1,917   52,131   35,722   4,320   10,493   0,000   0,000   0,000   329,931      
0,25/17   53,637   81,981   81,981   32,727   0,556   1,804   49,065   33,621   4,066   9,876   0,000   0,000   0,000   335,372      
0,25/18   56,792   86,803   86,803   30,908   0,525   1,704   46,339   31,753   3,840   9,327   0,000   0,000   0,000   341,627      
0,25/19   59,947   91,626   91,626   29,282   0,497   1,614   43,900   30,082   3,638   8,836   0,000   0,000   0,000   348,574      
0,25/20   63,102   96,448   96,448   27,818   0,472   1,533   41,705   28,578   3,456   8,394   0,000   0,000   0,000   356,104      
0,25/21   66,257   101,270   101,270   26,493   0,450   1,460   39,719   27,217   3,291   7,995   0,000   0,000   0,000   364,136      
0,25/22   69,412   106,093   106,093   25,289   0,429   1,394   37,914   25,980   3,142   7,631   0,000   0,000   0,000   372,604      
0,25/23   72,567   110,915   110,915   24,189   0,411   1,333   36,265   24,850   3,005   7,300   0,000   0,000   0,000   381,445      
0,25/25   78,878   120,560   120,560   22,254   0,378   1,227   33,364   22,862   2,765   6,716   0,000   0,000   0,000   400,083      
0,20/ 1   3,155   3,858   3,858   445,081   9,449   30,670   834,102   571,558   69,118   167,889   0,000   0,000   0,000   1901,731      
0,20/ 2   6,310   7,716   7,716   222,540   4,724   15,335   417,051   285,779   34,559   83,944   0,000   0,000   0,000   967,171      
0,20/ 3   9,465   11,574   11,574   148,360   3,150   10,223   278,034   190,519   23,039   55,963   0,000   0,000   0,000   662,899      
0,20/ 4   12,620   15,432   15,432   111,270   2,362   7,667   208,525   142,889   17,280   41,972   0,000   0,000   0,000   516,197      
0,20/ 5   15,776   19,290   19,290   89,016   1,890   6,134   166,820   114,312   13,824   33,578   0,000   0,000   0,000   432,528      
0,20/ 6   18,931   23,148   23,148   74,180   1,575   5,112   139,017   95,260   11,520   27,981   0,000   0,000   0,000   380,371      
0,20/ 7   22,086   27,005   27,005   63,583   1,350   4,381   119,157   81,651   9,874   23,984   0,000   0,000   0,000   346,218      
0,20/ 8   25,241   30,863   30,863   55,635   1,181   3,834   104,263   71,445   8,640   20,986   0,000   0,000   0,000   323,325      
0,20/ 9   28,396   34,721   34,721   49,453   1,050   3,408   92,678   63,506   7,680   18,654   0,000   0,000   0,000   307,933      
0,20/10   31,551   38,579   38,579   44,508   0,945   3,067   83,410   57,156   6,912   16,789   0,000   0,000   0,000   297,795      
0,20/11   34,706   42,437   42,437   40,462   0,859   2,788   75,827   51,960   6,283   15,263   0,000   0,000   0,000   291,476      
0,20/12   37,861   46,295   46,295   37,090   0,787   2,556   69,508   47,630   5,760   13,991   0,000   0,000   0,000   288,022      
0,20/13   41,016   50,153   50,153   34,237   0,727   2,359   64,162   43,966   5,317   12,915   0,000   0,000   0,000   286,773      
0,20/14   44,172   54,011   54,011   31,791   0,675   2,191   59,579   40,826   4,937   11,992   0,000   0,000   0,000   287,256      
0,20/15   47,327   57,869   57,869   29,672   0,630   2,045   55,607   38,104   4,608   11,193   0,000   0,000   0,000   289,123      
0,20/16   50,482   61,727   61,727   27,818   0,591   1,917   52,131   35,722   4,320   10,493   0,000   0,000   0,000   292,115      
0,20/17   53,637   65,585   65,585   26,181   0,556   1,804   49,065   33,621   4,066   9,876   0,000   0,000   0,000   296,034      
0,20/18   56,792   69,443   69,443   24,727   0,525   1,704   46,339   31,753   3,840   9,327   0,000   0,000   0,000   300,726      
0,20/19   59,947   73,300   73,300   23,425   0,497   1,614   43,900   30,082   3,638   8,836   0,000   0,000   0,000   306,065      
0,20/20   63,102   77,158   77,158   22,254   0,472   1,533   41,705   28,578   3,456   8,394   0,000   0,000   0,000   311,96      
0,20/21   66,257   81,016   81,016   21,194   0,450   1,460   39,719   27,217   3,291   7,995   0,000   0,000   0,000   318,329      
0,20/22   69,412   84,874   84,874   20,231   0,429   1,394   37,914   25,980   3,142   7,631   0,000   0,000   0,000   325,108      
0,20/23   72,567   88,732   88,732   19,351   0,411   1,333   36,265   24,850   3,005   7,300   0,000   0,000   0,000   332,241      
0,20/25   78,878   96,448   96,448   17,803   0,378   1,227   33,364   22,862   2,765   6,716   0,000   0,000   0,000   347,408      
0,67/ 1   3,155   12,866   12,866   1484,344   9,449   30,670   834,102   571,558   69,118   167,889   0,000   0,000   0,000   2959,01      
0,67/ 2   6,310   25,732   25,732   742,172   4,724   15,335   417,051   285,779   34,559   83,944   0,000   0,000   0,000   1522,835      
0,67/ 3   9,465   38,598   38,598   494,781   3,150   10,223   278,034   190,519   23,039   55,963   0,000   0,000   0,000   1063,368      
0,67/ 4   12,620   51,465   51,465   371,086   2,362   7,667   208,525   142,889   17,280   41,972   0,000   0,000   0,000   848,079      
0,67/ 5   15,776   64,331   64,331   296,869   1,890   6,134   166,820   114,312   13,824   33,578   0,000   0,000   0,000   730,463      
0,67/ 6   18,931   77,197   77,197   247,391   1,575   5,112   139,017   95,260   11,520   27,981   0,000   0,000   0,000   661,68      
0,67/ 7   22,086   90,063   90,063   212,049   1,350   4,381   119,157   81,651   9,874   23,984   0,000   0,000   0,000   620,8      
0,67/ 8   25,241   102,929   102,929   185,543   1,181   3,834   104,263   71,445   8,640   20,986   0,000   0,000   0,000   597,365      
0,67/ 9   28,396   115,795   115,795   164,927   1,050   3,408   92,678   63,506   7,680   18,654   0,000   0,000   0,000   585,555      
0,67/10   31,551   128,662   128,662   148,434   0,945   3,067   83,410   57,156   6,912   16,789   0,000   0,000   0,000   581,887      
0,67/11   34,706   141,528   141,528   134,940   0,859   2,788   75,827   51,960   6,283   15,263   0,000   0,000   0,000   584,136      
0,67/12   37,861   154,394   154,394   123,695   0,787   2,556   69,508   47,630   5,760   13,991   0,000   0,000   0,000   590,825      
0,67/13   41,016   167,260   167,260   114,180   0,727   2,359   64,162   43,966   5,317   12,915   0,000   0,000   0,000   600,93      
0,67/14   44,172   180,126   180,126   106,025   0,675   2,191   59,579   40,826   4,937   11,992   0,000   0,000   0,000   613,72      
0,67/15   47,327   192,992   192,992   98,956   0,630   2,045   55,607   38,104   4,608   11,193   0,000   0,000   0,000   628,653      
0,67/16   50,482   205,859   205,859   92,771   0,591   1,917   52,131   35,722   4,320   10,493   0,000   0,000   0,000   645,332      
0,67/17   53,637   218,725   218,725   87,314   0,556   1,804   49,065   33,621   4,066   9,876   0,000   0,000   0,000   663,447      
0,67/18   56,792   231,591   231,591   82,464   0,525   1,704   46,339   31,753   3,840   9,327   0,000   0,000   0,000   682,759      
0,67/19   59,947   244,457   244,457   78,123   0,497   1,614   43,900   30,082   3,638   8,836   0,000   0,000   0,000   703,077      
0,67/20   63,102   257,323   257,323   74,217   0,472   1,533   41,705   28,578   3,456   8,394   0,000   0,000   0,000   724,253      
0,67/21   66,257   270,189   270,189   70,683   0,450   1,460   39,719   27,217   3,291   7,995   0,000   0,000   0,000   746,164      
0,67/22   69,412   283,056   283,056   67,470   0,429   1,394   37,914   25,980   3,142   7,631   0,000   0,000   0,000   768,711      
0,67/23   72,567   295,922   295,922   64,537   0,411   1,333   36,265   24,850   3,005   7,300   0,000   0,000   0,000   791,807      
0,67/25   78,878   321,654   321,654   59,374   0,378   1,227   33,364   22,862   2,765   6,716   0,000   0,000   0,000   839,391      
0,63/ 1   3,155   12,056   12,056   1390,877   9,449   30,670   834,102   571,558   69,118   167,889   0,000   0,000   0,000   2863,923      
0,63/ 2   6,310   24,112   24,112   695,438   4,724   15,335   417,051   285,779   34,559   83,944   0,000   0,000   0,000   1472,861      
0,63/ 3   9,465   36,168   36,168   463,626   3,150   10,223   278,034   190,519   23,039   55,963   0,000   0,000   0,000   1027,353      
0,63/ 4   12,620   48,224   48,224   347,719   2,362   7,667   208,525   142,889   17,280   41,972   0,000   0,000   0,000   818,23      
0,63/ 5   15,776   60,280   60,280   278,175   1,890   6,134   166,820   114,312   13,824   33,578   0,000   0,000   0,000   703,667      
0,63/ 6   18,931   72,336   72,336   231,813   1,575   5,112   139,017   95,260   11,520   27,981   0,000   0,000   0,000   636,38      
0,63/ 7   22,086   84,392   84,392   198,697   1,350   4,381   119,157   81,651   9,874   23,984   0,000   0,000   0,000   596,106      
0,63/ 8   25,241   96,448   96,448   173,860   1,181   3,834   104,263   71,445   8,640   20,986   0,000   0,000   0,000   572,72      
0,63/ 9   28,396   108,504   108,504   154,542   1,050   3,408   92,678   63,506   7,680   18,654   0,000   0,000   0,000   560,588      
0,63/10   31,551   120,560   120,560   139,088   0,945   3,067   83,410   57,156   6,912   16,789   0,000   0,000   0,000   556,337      
0,63/11   34,706   132,616   132,616   126,443   0,859   2,788   75,827   51,960   6,283   15,263   0,000   0,000   0,000   557,815      
0,63/12   37,861   144,672   144,672   115,906   0,787   2,556   69,508   47,630   5,760   13,991   0,000   0,000   0,000   563,592      
0,63/13   41,016   156,728   156,728   106,991   0,727   2,359   64,162   43,966   5,317   12,915   0,000   0,000   0,000   572,677      
0,63/14   44,172   168,784   168,784   99,348   0,675   2,191   59,579   40,826   4,937   11,992   0,000   0,000   0,000   584,359      
0,63/15   47,327   180,840   180,840   92,725   0,630   2,045   55,607   38,104   4,608   11,193   0,000   0,000   0,000   598,118      
0,63/16   50,482   192,896   192,896   86,930   0,591   1,917   52,131   35,722   4,320   10,493   0,000   0,000   0,000   613,565      
0,63/17   53,637   204,952   204,952   81,816   0,556   1,804   49,065   33,621   4,066   9,876   0,000   0,000   0,000   630,403      
0,63/18   56,792   217,008   217,008   77,271   0,525   1,704   46,339   31,753   3,840   9,327   0,000   0,000   0,000   648,4      
0,63/19   59,947   229,064   229,064   73,204   0,497   1,614   43,900   30,082   3,638   8,836   0,000   0,000   0,000   667,372      
0,63/20   63,102   241,120   241,120   69,544   0,472   1,533   41,705   28,578   3,456   8,394   0,000   0,000   0,000   687,174      
0,63/21   66,257   253,176   253,176   66,232   0,450   1,460   39,719   27,217   3,291   7,995   0,000   0,000   0,000   707,687      
0,63/22   69,412   265,232   265,232   63,222   0,429   1,394   37,914   25,980   3,142   7,631   0,000   0,000   0,000   728,815      
0,63/23   72,567   277,288   277,288   60,473   0,411   1,333   36,265   24,850   3,005   7,300   0,000   0,000   0,000   750,475      
0,63/25   78,878   301,400   301,400   55,635   0,378   1,227   33,364   22,862   2,765   6,716   0,000   0,000   0,000   795,144      
0,75/ 1   3,155   14,467   14,467   1669,052   9,449   30,670   834,102   571,558   69,118   167,889   0,000   0,000   0,000   3146,92      
0,75/ 2   6,310   28,934   28,934   834,526   4,724   15,335   417,051   285,779   34,559   83,944   0,000   0,000   0,000   1621,593      
0,75/ 3   9,465   43,402   43,402   556,351   3,150   10,223   278,034   190,519   23,039   55,963   0,000   0,000   0,000   1134,546      
0,75/ 4   12,620   57,869   57,869   417,263   2,362   7,667   208,525   142,889   17,280   41,972   0,000   0,000   0,000   907,064      
0,75/ 5   15,776   72,336   72,336   333,810   1,890   6,134   166,820   114,312   13,824   33,578   0,000   0,000   0,000   783,414      
0,75/ 6   18,931   86,803   86,803   278,175   1,575   5,112   139,017   95,260   11,520   27,981   0,000   0,000   0,000   711,676      
0,75/ 7   22,086   101,270   101,270   238,436   1,350   4,381   119,157   81,651   9,874   23,984   0,000   0,000   0,000   669,601      
0,75/ 8   25,241   115,738   115,738   208,631   1,181   3,834   104,263   71,445   8,640   20,986   0,000   0,000   0,000   646,071      
0,75/ 9   28,396   130,205   130,205   185,450   1,050   3,408   92,678   63,506   7,680   18,654   0,000   0,000   0,000   634,898      
0,75/10   31,551   144,672   144,672   166,905   0,945   3,067   83,410   57,156   6,912   16,789   0,000   0,000   0,000   632,378      
0,75/11   34,706   159,139   159,139   151,732   0,859   2,788   75,827   51,960   6,283   15,263   0,000   0,000   0,000   636,15      
0,75/12   37,861   173,606   173,606   139,088   0,787   2,556   69,508   47,630   5,760   13,991   0,000   0,000   0,000   644,642      
0,75/13   41,016   188,074   188,074   128,389   0,727   2,359   64,162   43,966   5,317   12,915   0,000   0,000   0,000   656,767      
0,75/14   44,172   202,541   202,541   119,218   0,675   2,191   59,579   40,826   4,937   11,992   0,000   0,000   0,000   671,743      
0,75/15   47,327   217,008   217,008   111,270   0,630   2,045   55,607   38,104   4,608   11,193   0,000   0,000   0,000   688,999      
0,75/16   50,482   231,475   231,475   104,316   0,591   1,917   52,131   35,722   4,320   10,493   0,000   0,000   0,000   708,109      
0,75/17   53,637   245,942   245,942   98,180   0,556   1,804   49,065   33,621   4,066   9,876   0,000   0,000   0,000   728,747      
0,75/18   56,792   260,410   260,410   92,725   0,525   1,704   46,339   31,753   3,840   9,327   0,000   0,000   0,000   750,658      
0,75/19   59,947   274,877   274,877   87,845   0,497   1,614   43,900   30,082   3,638   8,836   0,000   0,000   0,000   773,639      
0,75/20   63,102   289,344   289,344   83,453   0,472   1,533   41,705   28,578   3,456   8,394   0,000   0,000   0,000   797,531      
0,75/21   66,257   303,811   303,811   79,479   0,450   1,460   39,719   27,217   3,291   7,995   0,000   0,000   0,000   822,204      
0,75/22   69,412   318,278   318,278   75,866   0,429   1,394   37,914   25,980   3,142   7,631   0,000   0,000   0,000   847,551      
0,75/23   72,567   332,746   332,746   72,567   0,411   1,333   36,265   24,850   3,005   7,300   0,000   0,000   0,000   873,485      
0,75/25   78,878   361,680   361,680   66,762   0,378   1,227   33,364   22,862   2,765   6,716   0,000   0,000   0,000   926,831      
0,80/ 1   3,155   15,432   15,432   1780,322   9,449   30,670   834,102   571,558   69,118   167,889   0,000   0,000   0,000   3260,12      
0,80/ 2   6,310   30,863   30,863   890,161   4,724   15,335   417,051   285,779   34,559   83,944   0,000   0,000   0,000   1681,086      
0,80/ 3   9,465   46,295   46,295   593,441   3,150   10,223   278,034   190,519   23,039   55,963   0,000   0,000   0,000   1177,422      
0,80/ 4   12,620   61,727   61,727   445,081   2,362   7,667   208,525   142,889   17,280   41,972   0,000   0,000   0,000   942,598      
0,80/ 5   15,776   77,158   77,158   356,064   1,890   6,134   166,820   114,312   13,824   33,578   0,000   0,000   0,000   815,312      
0,80/ 6   18,931   92,590   92,590   296,720   1,575   5,112   139,017   95,260   11,520   27,981   0,000   0,000   0,000   741,795      
0,80/ 7   22,086   108,022   108,022   254,332   1,350   4,381   119,157   81,651   9,874   23,984   0,000   0,000   0,000   699,001      
0,80/ 8   25,241   123,453   123,453   222,540   1,181   3,834   104,263   71,445   8,640   20,986   0,000   0,000   0,000   675,41      
0,80/ 9   28,396   138,885   138,885   197,814   1,050   3,408   92,678   63,506   7,680   18,654   0,000   0,000   0,000   664,622      
0,80/10   31,551   154,317   154,317   178,032   0,945   3,067   83,410   57,156   6,912   16,789   0,000   0,000   0,000   662,795      
0,80/11   34,706   169,748   169,748   161,847   0,859   2,788   75,827   51,960   6,283   15,263   0,000   0,000   0,000   667,483      
0,80/12   37,861   185,180   185,180   148,360   0,787   2,556   69,508   47,630   5,760   13,991   0,000   0,000   0,000   677,062      
0,80/13   41,016   200,612   200,612   136,948   0,727   2,359   64,162   43,966   5,317   12,915   0,000   0,000   0,000   690,402      
0,80/14   44,172   216,044   216,044   127,166   0,675   2,191   59,579   40,826   4,937   11,992   0,000   0,000   0,000   706,697      
0,80/15   47,327   231,475   231,475   118,688   0,630   2,045   55,607   38,104   4,608   11,193   0,000   0,000   0,000   725,351      
0,80/16   50,482   246,907   246,907   111,270   0,591   1,917   52,131   35,722   4,320   10,493   0,000   0,000   0,000   745,927      
0,80/17   53,637   262,339   262,339   104,725   0,556   1,804   49,065   33,621   4,066   9,876   0,000   0,000   0,000   768,086      
0,80/18   56,792   277,770   277,770   98,907   0,525   1,704   46,339   31,753   3,840   9,327   0,000   0,000   0,000   791,56      
0,80/19   59,947   293,202   293,202   93,701   0,497   1,614   43,900   30,082   3,638   8,836   0,000   0,000   0,000   816,145      
0,80/20   63,102   308,634   308,634   89,016   0,472   1,533   41,705   28,578   3,456   8,394   0,000   0,000   0,000   841,674      
0,80/21   66,257   324,065   324,065   84,777   0,450   1,460   39,719   27,217   3,291   7,995   0,000   0,000   0,000   868,01      
0,80/22   69,412   339,497   339,497   80,924   0,429   1,394   37,914   25,980   3,142   7,631   0,000   0,000   0,000   895,047      
0,80/23   72,567   354,929   354,929   77,405   0,411   1,333   36,265   24,850   3,005   7,300   0,000   0,000   0,000   922,689      
0,80/25   78,878   385,792   385,792   71,213   0,378   1,227   33,364   22,862   2,765   6,716   0,000   0,000   0,000   979,506      
                                                
ќптимизационные значени€
ar/ћес€ц   S1   S2   S3   S4   S5   S6   S7   S8   S9   S10   Sдоп1   Sдоп2   Sдоп3   —умма      
0,50/11   34,706   106,093   106,093   101,155   0,859   2,788   75,827   51,960   6,283   15,263   0,000   0,000   0,000   479,481      
0,33/12   37,861   77,081   77,081   61,755   0,787   2,556   69,508   47,630   5,760   13,991   0,000   0,000   0,000   374,259      
0,25/13   41,016   62,691   62,691   42,796   0,727   2,359   64,162   43,966   5,317   12,915   0,000   0,000   0,000   320,408      
0,20/13   41,016   50,153   50,153   34,237   0,727   2,359   64,162   43,966   5,317   12,915   0,000   0,000   0,000   286,773      
0,67/10   31,551   128,662   128,662   148,434   0,945   3,067   83,410   57,156   6,912   16,789   0,000   0,000   0,000   581,887      
0,63/10   31,551   120,560   120,560   139,088   0,945   3,067   83,410   57,156   6,912   16,789   0,000   0,000   0,000   556,337      
0,75/10   31,551   144,672   144,672   166,905   0,945   3,067   83,410   57,156   6,912   16,789   0,000   0,000   0,000   632,378      
0,80/10   31,551   154,317   154,317   178,032   0,945   3,067   83,410   57,156   6,912   16,789   0,000   0,000   0,000   662,795      
                                                
–асчет эффективности
ar/ћес€ц   —уп   Ён   Ёос   Ёоб   Ёс   Ёз   Ёq   Ёобщ      
0,50/11   74,97   35,86   0,16   0,08   0,08   0,01   16,40   391,00      
0,33/12   79,16   37,86   0,16   0,08   0,09   0,01   16,40   391,00      
                              
ƒельта и т.д.
ar/ћес€ц   Smax   —умма   ƒельта Smax-—умма      
0,50/25   922,689   663,457   259,232      
0,33/25   922,689   487,523   435,166      
0,25/25   922,689   400,083   522,606      
0,20/25   922,689   347,408   575,281      
0,67/25   922,689   839,391   83,298      
0,63/25   922,689   795,144   127,545      
0,75/25   922,689   926,831   -4,142      
0,80/25   922,689   979,506   -56,817      
               
