–езультаты расчета
ar/ћес€ц   S1   S2   S3   S4   S5   S6   S7   S8   S9   S10   Sдоп1   Sдоп2   Sдоп3   —умма      
0,50/ 1   2,520   8,374   8,374   1050,049   6,556   30,670   578,746   496,226   60,008   145,761   0,000   0,000   0,000   2181,515      
0,50/ 2   5,040   16,747   16,747   525,025   3,278   15,335   289,373   248,113   30,004   72,880   0,000   0,000   0,000   1119,658      
0,50/ 3   7,560   25,121   25,121   350,016   2,185   10,223   192,915   165,409   20,003   48,587   0,000   0,000   0,000   778,55      
0,50/ 4   10,080   33,494   33,494   262,512   1,639   7,667   144,686   124,056   15,002   36,440   0,000   0,000   0,000   617,628      
0,50/ 5   12,601   41,868   41,868   210,010   1,311   6,134   115,749   99,245   12,002   29,152   0,000   0,000   0,000   528,786      
0,50/ 6   15,121   50,242   50,242   175,008   1,093   5,112   96,458   82,704   10,001   24,293   0,000   0,000   0,000   475,98      
0,50/ 7   17,641   58,615   58,615   150,007   0,937   4,381   82,678   70,889   8,573   20,823   0,000   0,000   0,000   443,763      
0,50/ 8   20,161   66,989   66,989   131,256   0,820   3,834   72,343   62,028   7,501   18,220   0,000   0,000   0,000   424,42      
0,50/ 9   22,681   75,362   75,362   116,672   0,728   3,408   64,305   55,136   6,668   16,196   0,000   0,000   0,000   413,654      
0,50/10   25,201   83,736   83,736   105,005   0,656   3,067   57,875   49,623   6,001   14,576   0,000   0,000   0,000   408,899      
0,50/11   27,721   92,110   92,110   95,459   0,596   2,788   52,613   45,111   5,455   13,251   0,000   0,000   0,000   408,508      
0,50/12   30,241   100,483   100,483   87,504   0,546   2,556   48,229   41,352   5,001   12,147   0,000   0,000   0,000   411,394      
0,50/13   32,762   108,857   108,857   80,773   0,504   2,359   44,519   38,171   4,616   11,212   0,000   0,000   0,000   416,802      
0,50/14   35,282   117,230   117,230   75,004   0,468   2,191   41,339   35,445   4,286   10,411   0,000   0,000   0,000   424,189      
0,50/15   37,802   125,604   125,604   70,003   0,437   2,045   38,583   33,082   4,001   9,717   0,000   0,000   0,000   433,16      
0,50/16   40,322   133,978   133,978   65,628   0,410   1,917   36,172   31,014   3,751   9,110   0,000   0,000   0,000   443,419      
0,50/17   42,842   142,351   142,351   61,768   0,386   1,804   34,044   29,190   3,530   8,574   0,000   0,000   0,000   454,736      
0,50/18   45,362   150,725   150,725   58,336   0,364   1,704   32,153   27,568   3,334   8,098   0,000   0,000   0,000   466,937      
0,50/19   47,882   159,098   159,098   55,266   0,345   1,614   30,460   26,117   3,158   7,672   0,000   0,000   0,000   479,88      
0,50/20   50,402   167,472   167,472   52,502   0,328   1,533   28,937   24,811   3,000   7,288   0,000   0,000   0,000   493,457      
0,50/21   52,922   175,846   175,846   50,002   0,312   1,460   27,559   23,630   2,858   6,941   0,000   0,000   0,000   507,577      
0,50/22   55,443   184,219   184,219   47,730   0,298   1,394   26,307   22,556   2,728   6,625   0,000   0,000   0,000   522,166      
0,50/23   57,963   192,593   192,593   45,654   0,285   1,333   25,163   21,575   2,609   6,337   0,000   0,000   0,000   537,159      
0,50/24   60,483   200,966   200,966   43,752   0,273   1,278   24,114   20,676   2,500   6,073   0,000   0,000   0,000   552,508      
0,50/25   63,003   209,340   209,340   42,002   0,262   1,227   23,150   19,849   2,400   5,830   0,000   0,000   0,000   568,173      
0,33/ 1   2,520   5,577   5,577   699,333   6,556   30,670   578,746   496,226   60,008   145,761   0,000   0,000   0,000   1825,205      
0,33/ 2   5,040   11,154   11,154   349,666   3,278   15,335   289,373   248,113   30,004   72,880   0,000   0,000   0,000   933,113      
0,33/ 3   7,560   16,730   16,730   233,111   2,185   10,223   192,915   165,409   20,003   48,587   0,000   0,000   0,000   644,863      
0,33/ 4   10,080   22,307   22,307   174,833   1,639   7,667   144,686   124,056   15,002   36,440   0,000   0,000   0,000   507,575      
0,33/ 5   12,601   27,884   27,884   139,867   1,311   6,134   115,749   99,245   12,002   29,152   0,000   0,000   0,000   430,675      
0,33/ 6   15,121   33,461   33,461   116,555   1,093   5,112   96,458   82,704   10,001   24,293   0,000   0,000   0,000   383,965      
0,33/ 7   17,641   39,038   39,038   99,905   0,937   4,381   82,678   70,889   8,573   20,823   0,000   0,000   0,000   354,507      
0,33/ 8   20,161   44,615   44,615   87,417   0,820   3,834   72,343   62,028   7,501   18,220   0,000   0,000   0,000   335,833      
0,33/ 9   22,681   50,191   50,191   77,704   0,728   3,408   64,305   55,136   6,668   16,196   0,000   0,000   0,000   324,344      
0,33/10   25,201   55,768   55,768   69,933   0,656   3,067   57,875   49,623   6,001   14,576   0,000   0,000   0,000   317,891      
0,33/11   27,721   61,345   61,345   63,576   0,596   2,788   52,613   45,111   5,455   13,251   0,000   0,000   0,000   315,095      
0,33/12   30,241   66,922   66,922   58,278   0,546   2,556   48,229   41,352   5,001   12,147   0,000   0,000   0,000   315,046      
0,33/13   32,762   72,499   72,499   53,795   0,504   2,359   44,519   38,171   4,616   11,212   0,000   0,000   0,000   317,108      
0,33/14   35,282   78,075   78,075   49,952   0,468   2,191   41,339   35,445   4,286   10,411   0,000   0,000   0,000   320,827      
0,33/15   37,802   83,652   83,652   46,622   0,437   2,045   38,583   33,082   4,001   9,717   0,000   0,000   0,000   325,875      
0,33/16   40,322   89,229   89,229   43,708   0,410   1,917   36,172   31,014   3,751   9,110   0,000   0,000   0,000   332,001      
0,33/17   42,842   94,806   94,806   41,137   0,386   1,804   34,044   29,190   3,530   8,574   0,000   0,000   0,000   339,015      
0,33/18   45,362   100,383   100,383   38,852   0,364   1,704   32,153   27,568   3,334   8,098   0,000   0,000   0,000   346,769      
0,33/19   47,882   105,960   105,960   36,807   0,345   1,614   30,460   26,117   3,158   7,672   0,000   0,000   0,000   355,145      
0,33/20   50,402   111,536   111,536   34,967   0,328   1,533   28,937   24,811   3,000   7,288   0,000   0,000   0,000   364,05      
0,33/21   52,922   117,113   117,113   33,302   0,312   1,460   27,559   23,630   2,858   6,941   0,000   0,000   0,000   373,411      
0,33/22   55,443   122,690   122,690   31,788   0,298   1,394   26,307   22,556   2,728   6,625   0,000   0,000   0,000   383,166      
0,33/23   57,963   128,267   128,267   30,406   0,285   1,333   25,163   21,575   2,609   6,337   0,000   0,000   0,000   393,259      
0,33/24   60,483   133,844   133,844   29,139   0,273   1,278   24,114   20,676   2,500   6,073   0,000   0,000   0,000   403,651      
0,33/25   63,003   139,420   139,420   27,973   0,262   1,227   23,150   19,849   2,400   5,830   0,000   0,000   0,000   414,304      
0,25/ 1   2,520   4,187   4,187   525,025   6,556   30,670   578,746   496,226   60,008   145,761   0,000   0,000   0,000   1648,117      
0,25/ 2   5,040   8,374   8,374   262,512   3,278   15,335   289,373   248,113   30,004   72,880   0,000   0,000   0,000   840,399      
0,25/ 3   7,560   12,560   12,560   175,008   2,185   10,223   192,915   165,409   20,003   48,587   0,000   0,000   0,000   578,42      
0,25/ 4   10,080   16,747   16,747   131,256   1,639   7,667   144,686   124,056   15,002   36,440   0,000   0,000   0,000   452,878      
0,25/ 5   12,601   20,934   20,934   105,005   1,311   6,134   115,749   99,245   12,002   29,152   0,000   0,000   0,000   381,913      
0,25/ 6   15,121   25,121   25,121   87,504   1,093   5,112   96,458   82,704   10,001   24,293   0,000   0,000   0,000   338,234      
0,25/ 7   17,641   29,308   29,308   75,004   0,937   4,381   82,678   70,889   8,573   20,823   0,000   0,000   0,000   310,146      
0,25/ 8   20,161   33,494   33,494   65,628   0,820   3,834   72,343   62,028   7,501   18,220   0,000   0,000   0,000   291,802      
0,25/ 9   22,681   37,681   37,681   58,336   0,728   3,408   64,305   55,136   6,668   16,196   0,000   0,000   0,000   279,956      
0,25/10   25,201   41,868   41,868   52,502   0,656   3,067   57,875   49,623   6,001   14,576   0,000   0,000   0,000   272,66      
0,25/11   27,721   46,055   46,055   47,730   0,596   2,788   52,613   45,111   5,455   13,251   0,000   0,000   0,000   268,669      
0,25/12   30,241   50,242   50,242   43,752   0,546   2,556   48,229   41,352   5,001   12,147   0,000   0,000   0,000   267,16      
0,25/13   32,762   54,428   54,428   40,387   0,504   2,359   44,519   38,171   4,616   11,212   0,000   0,000   0,000   267,558      
0,25/14   35,282   58,615   58,615   37,502   0,468   2,191   41,339   35,445   4,286   10,411   0,000   0,000   0,000   269,457      
0,25/15   37,802   62,802   62,802   35,002   0,437   2,045   38,583   33,082   4,001   9,717   0,000   0,000   0,000   272,555      
0,25/16   40,322   66,989   66,989   32,814   0,410   1,917   36,172   31,014   3,751   9,110   0,000   0,000   0,000   276,627      
0,25/17   42,842   71,176   71,176   30,884   0,386   1,804   34,044   29,190   3,530   8,574   0,000   0,000   0,000   281,502      
0,25/18   45,362   75,362   75,362   29,168   0,364   1,704   32,153   27,568   3,334   8,098   0,000   0,000   0,000   287,043      
0,25/19   47,882   79,549   79,549   27,633   0,345   1,614   30,460   26,117   3,158   7,672   0,000   0,000   0,000   293,149      
0,25/20   50,402   83,736   83,736   26,251   0,328   1,533   28,937   24,811   3,000   7,288   0,000   0,000   0,000   299,734      
0,25/21   52,922   87,923   87,923   25,001   0,312   1,460   27,559   23,630   2,858   6,941   0,000   0,000   0,000   306,73      
0,25/22   55,443   92,110   92,110   23,865   0,298   1,394   26,307   22,556   2,728   6,625   0,000   0,000   0,000   314,083      
0,25/23   57,963   96,296   96,296   22,827   0,285   1,333   25,163   21,575   2,609   6,337   0,000   0,000   0,000   321,738      
0,25/24   60,483   100,483   100,483   21,876   0,273   1,278   24,114   20,676   2,500   6,073   0,000   0,000   0,000   329,666      
0,25/25   63,003   104,670   104,670   21,001   0,262   1,227   23,150   19,849   2,400   5,830   0,000   0,000   0,000   337,832      
0,20/ 1   2,520   3,349   3,349   420,020   6,556   30,670   578,746   496,226   60,008   145,761   0,000   0,000   0,000   1541,436      
0,20/ 2   5,040   6,699   6,699   210,010   3,278   15,335   289,373   248,113   30,004   72,880   0,000   0,000   0,000   784,547      
0,20/ 3   7,560   10,048   10,048   140,007   2,185   10,223   192,915   165,409   20,003   48,587   0,000   0,000   0,000   538,395      
0,20/ 4   10,080   13,398   13,398   105,005   1,639   7,667   144,686   124,056   15,002   36,440   0,000   0,000   0,000   419,929      
0,20/ 5   12,601   16,747   16,747   84,004   1,311   6,134   115,749   99,245   12,002   29,152   0,000   0,000   0,000   352,538      
0,20/ 6   15,121   20,097   20,097   70,003   1,093   5,112   96,458   82,704   10,001   24,293   0,000   0,000   0,000   310,685      
0,20/ 7   17,641   23,446   23,446   60,003   0,937   4,381   82,678   70,889   8,573   20,823   0,000   0,000   0,000   283,421      
0,20/ 8   20,161   26,796   26,796   52,502   0,820   3,834   72,343   62,028   7,501   18,220   0,000   0,000   0,000   265,28      
0,20/ 9   22,681   30,145   30,145   46,669   0,728   3,408   64,305   55,136   6,668   16,196   0,000   0,000   0,000   253,217      
0,20/10   25,201   33,494   33,494   42,002   0,656   3,067   57,875   49,623   6,001   14,576   0,000   0,000   0,000   245,412      
0,20/11   27,721   36,844   36,844   38,184   0,596   2,788   52,613   45,111   5,455   13,251   0,000   0,000   0,000   240,701      
0,20/12   30,241   40,193   40,193   35,002   0,546   2,556   48,229   41,352   5,001   12,147   0,000   0,000   0,000   238,312      
0,20/13   32,762   43,543   43,543   32,309   0,504   2,359   44,519   38,171   4,616   11,212   0,000   0,000   0,000   237,71      
0,20/14   35,282   46,892   46,892   30,001   0,468   2,191   41,339   35,445   4,286   10,411   0,000   0,000   0,000   238,51      
0,20/15   37,802   50,242   50,242   28,001   0,437   2,045   38,583   33,082   4,001   9,717   0,000   0,000   0,000   240,434      
0,20/16   40,322   53,591   53,591   26,251   0,410   1,917   36,172   31,014   3,751   9,110   0,000   0,000   0,000   243,268      
0,20/17   42,842   56,940   56,940   24,707   0,386   1,804   34,044   29,190   3,530   8,574   0,000   0,000   0,000   246,853      
0,20/18   45,362   60,290   60,290   23,334   0,364   1,704   32,153   27,568   3,334   8,098   0,000   0,000   0,000   251,065      
0,20/19   47,882   63,639   63,639   22,106   0,345   1,614   30,460   26,117   3,158   7,672   0,000   0,000   0,000   255,802      
0,20/20   50,402   66,989   66,989   21,001   0,328   1,533   28,937   24,811   3,000   7,288   0,000   0,000   0,000   260,99      
0,20/21   52,922   70,338   70,338   20,001   0,312   1,460   27,559   23,630   2,858   6,941   0,000   0,000   0,000   266,56      
0,20/22   55,443   73,688   73,688   19,092   0,298   1,394   26,307   22,556   2,728   6,625   0,000   0,000   0,000   272,466      
0,20/23   57,963   77,037   77,037   18,262   0,285   1,333   25,163   21,575   2,609   6,337   0,000   0,000   0,000   278,655      
0,20/24   60,483   80,387   80,387   17,501   0,273   1,278   24,114   20,676   2,500   6,073   0,000   0,000   0,000   285,099      
0,20/25   63,003   83,736   83,736   16,801   0,262   1,227   23,150   19,849   2,400   5,830   0,000   0,000   0,000   291,764      
0,67/ 1   2,520   11,170   11,170   1400,766   6,556   30,670   578,746   496,226   60,008   145,761   0,000   0,000   0,000   2537,824      
0,67/ 2   5,040   22,341   22,341   700,383   3,278   15,335   289,373   248,113   30,004   72,880   0,000   0,000   0,000   1306,204      
0,67/ 3   7,560   33,511   33,511   466,922   2,185   10,223   192,915   165,409   20,003   48,587   0,000   0,000   0,000   912,236      
0,67/ 4   10,080   44,682   44,682   350,191   1,639   7,667   144,686   124,056   15,002   36,440   0,000   0,000   0,000   727,683      
0,67/ 5   12,601   55,852   55,852   280,153   1,311   6,134   115,749   99,245   12,002   29,152   0,000   0,000   0,000   626,897      
0,67/ 6   15,121   67,022   67,022   233,461   1,093   5,112   96,458   82,704   10,001   24,293   0,000   0,000   0,000   567,993      
0,67/ 7   17,641   78,193   78,193   200,109   0,937   4,381   82,678   70,889   8,573   20,823   0,000   0,000   0,000   533,021      
0,67/ 8   20,161   89,363   89,363   175,096   0,820   3,834   72,343   62,028   7,501   18,220   0,000   0,000   0,000   513,008      
0,67/ 9   22,681   100,533   100,533   155,641   0,728   3,408   64,305   55,136   6,668   16,196   0,000   0,000   0,000   502,965      
0,67/10   25,201   111,704   111,704   140,077   0,656   3,067   57,875   49,623   6,001   14,576   0,000   0,000   0,000   499,907      
0,67/11   27,721   122,874   122,874   127,342   0,596   2,788   52,613   45,111   5,455   13,251   0,000   0,000   0,000   501,919      
0,67/12   30,241   134,045   134,045   116,730   0,546   2,556   48,229   41,352   5,001   12,147   0,000   0,000   0,000   507,744      
0,67/13   32,762   145,215   145,215   107,751   0,504   2,359   44,519   38,171   4,616   11,212   0,000   0,000   0,000   516,496      
0,67/14   35,282   156,385   156,385   100,055   0,468   2,191   41,339   35,445   4,286   10,411   0,000   0,000   0,000   527,55      
0,67/15   37,802   167,556   167,556   93,384   0,437   2,045   38,583   33,082   4,001   9,717   0,000   0,000   0,000   540,445      
0,67/16   40,322   178,726   178,726   87,548   0,410   1,917   36,172   31,014   3,751   9,110   0,000   0,000   0,000   554,835      
0,67/17   42,842   189,897   189,897   82,398   0,386   1,804   34,044   29,190   3,530   8,574   0,000   0,000   0,000   570,458      
0,67/18   45,362   201,067   201,067   77,820   0,364   1,704   32,153   27,568   3,334   8,098   0,000   0,000   0,000   587,105      
0,67/19   47,882   212,237   212,237   73,725   0,345   1,614   30,460   26,117   3,158   7,672   0,000   0,000   0,000   604,617      
0,67/20   50,402   223,408   223,408   70,038   0,328   1,533   28,937   24,811   3,000   7,288   0,000   0,000   0,000   622,865      
0,67/21   52,922   234,578   234,578   66,703   0,312   1,460   27,559   23,630   2,858   6,941   0,000   0,000   0,000   641,742      
0,67/22   55,443   245,748   245,748   63,671   0,298   1,394   26,307   22,556   2,728   6,625   0,000   0,000   0,000   661,165      
0,67/23   57,963   256,919   256,919   60,903   0,285   1,333   25,163   21,575   2,609   6,337   0,000   0,000   0,000   681,06      
0,67/24   60,483   268,089   268,089   58,365   0,273   1,278   24,114   20,676   2,500   6,073   0,000   0,000   0,000   701,367      
0,67/25   63,003   279,260   279,260   56,031   0,262   1,227   23,150   19,849   2,400   5,830   0,000   0,000   0,000   722,042      
0,63/ 1   2,520   10,467   10,467   1312,562   6,556   30,670   578,746   496,226   60,008   145,761   0,000   0,000   0,000   2448,214      
0,63/ 2   5,040   20,934   20,934   656,281   3,278   15,335   289,373   248,113   30,004   72,880   0,000   0,000   0,000   1259,288      
0,63/ 3   7,560   31,401   31,401   437,521   2,185   10,223   192,915   165,409   20,003   48,587   0,000   0,000   0,000   878,615      
0,63/ 4   10,080   41,868   41,868   328,140   1,639   7,667   144,686   124,056   15,002   36,440   0,000   0,000   0,000   700,004      
0,63/ 5   12,601   52,335   52,335   262,512   1,311   6,134   115,749   99,245   12,002   29,152   0,000   0,000   0,000   602,222      
0,63/ 6   15,121   62,802   62,802   218,760   1,093   5,112   96,458   82,704   10,001   24,293   0,000   0,000   0,000   544,852      
0,63/ 7   17,641   73,269   73,269   187,509   0,937   4,381   82,678   70,889   8,573   20,823   0,000   0,000   0,000   510,573      
0,63/ 8   20,161   83,736   83,736   164,070   0,820   3,834   72,343   62,028   7,501   18,220   0,000   0,000   0,000   490,728      
0,63/ 9   22,681   94,203   94,203   145,840   0,728   3,408   64,305   55,136   6,668   16,196   0,000   0,000   0,000   480,504      
0,63/10   25,201   104,670   104,670   131,256   0,656   3,067   57,875   49,623   6,001   14,576   0,000   0,000   0,000   477,018      
0,63/11   27,721   115,137   115,137   119,324   0,596   2,788   52,613   45,111   5,455   13,251   0,000   0,000   0,000   478,427      
0,63/12   30,241   125,604   125,604   109,380   0,546   2,556   48,229   41,352   5,001   12,147   0,000   0,000   0,000   483,512      
0,63/13   32,762   136,071   136,071   100,966   0,504   2,359   44,519   38,171   4,616   11,212   0,000   0,000   0,000   491,423      
0,63/14   35,282   146,538   146,538   93,754   0,468   2,191   41,339   35,445   4,286   10,411   0,000   0,000   0,000   501,555      
0,63/15   37,802   157,005   157,005   87,504   0,437   2,045   38,583   33,082   4,001   9,717   0,000   0,000   0,000   513,463      
0,63/16   40,322   167,472   167,472   82,035   0,410   1,917   36,172   31,014   3,751   9,110   0,000   0,000   0,000   526,814      
0,63/17   42,842   177,939   177,939   77,210   0,386   1,804   34,044   29,190   3,530   8,574   0,000   0,000   0,000   541,354      
0,63/18   45,362   188,406   188,406   72,920   0,364   1,704   32,153   27,568   3,334   8,098   0,000   0,000   0,000   556,883      
0,63/19   47,882   198,873   198,873   69,082   0,345   1,614   30,460   26,117   3,158   7,672   0,000   0,000   0,000   573,246      
0,63/20   50,402   209,340   209,340   65,628   0,328   1,533   28,937   24,811   3,000   7,288   0,000   0,000   0,000   590,319      
0,63/21   52,922   219,807   219,807   62,503   0,312   1,460   27,559   23,630   2,858   6,941   0,000   0,000   0,000   608      
0,63/22   55,443   230,274   230,274   59,662   0,298   1,394   26,307   22,556   2,728   6,625   0,000   0,000   0,000   626,208      
0,63/23   57,963   240,741   240,741   57,068   0,285   1,333   25,163   21,575   2,609   6,337   0,000   0,000   0,000   644,869      
0,63/24   60,483   251,208   251,208   54,690   0,273   1,278   24,114   20,676   2,500   6,073   0,000   0,000   0,000   663,93      
0,63/25   63,003   261,675   261,675   52,502   0,262   1,227   23,150   19,849   2,400   5,830   0,000   0,000   0,000   683,343      
0,75/ 1   2,520   12,560   12,560   1575,074   6,556   30,670   578,746   496,226   60,008   145,761   0,000   0,000   0,000   2714,912      
0,75/ 2   5,040   25,121   25,121   787,537   3,278   15,335   289,373   248,113   30,004   72,880   0,000   0,000   0,000   1398,918      
0,75/ 3   7,560   37,681   37,681   525,025   2,185   10,223   192,915   165,409   20,003   48,587   0,000   0,000   0,000   978,679      
0,75/ 4   10,080   50,242   50,242   393,769   1,639   7,667   144,686   124,056   15,002   36,440   0,000   0,000   0,000   782,381      
0,75/ 5   12,601   62,802   62,802   315,015   1,311   6,134   115,749   99,245   12,002   29,152   0,000   0,000   0,000   675,659      
0,75/ 6   15,121   75,362   75,362   262,512   1,093   5,112   96,458   82,704   10,001   24,293   0,000   0,000   0,000   613,724      
0,75/ 7   17,641   87,923   87,923   225,011   0,937   4,381   82,678   70,889   8,573   20,823   0,000   0,000   0,000   577,383      
0,75/ 8   20,161   100,483   100,483   196,884   0,820   3,834   72,343   62,028   7,501   18,220   0,000   0,000   0,000   557,036      
0,75/ 9   22,681   113,044   113,044   175,008   0,728   3,408   64,305   55,136   6,668   16,196   0,000   0,000   0,000   547,354      
0,75/10   25,201   125,604   125,604   157,507   0,656   3,067   57,875   49,623   6,001   14,576   0,000   0,000   0,000   545,137      
0,75/11   27,721   138,164   138,164   143,189   0,596   2,788   52,613   45,111   5,455   13,251   0,000   0,000   0,000   548,346      
0,75/12   30,241   150,725   150,725   131,256   0,546   2,556   48,229   41,352   5,001   12,147   0,000   0,000   0,000   555,63      
0,75/13   32,762   163,285   163,285   121,160   0,504   2,359   44,519   38,171   4,616   11,212   0,000   0,000   0,000   566,045      
0,75/14   35,282   175,846   175,846   112,505   0,468   2,191   41,339   35,445   4,286   10,411   0,000   0,000   0,000   578,922      
0,75/15   37,802   188,406   188,406   105,005   0,437   2,045   38,583   33,082   4,001   9,717   0,000   0,000   0,000   593,766      
0,75/16   40,322   200,966   200,966   98,442   0,410   1,917   36,172   31,014   3,751   9,110   0,000   0,000   0,000   610,209      
0,75/17   42,842   213,527   213,527   92,651   0,386   1,804   34,044   29,190   3,530   8,574   0,000   0,000   0,000   627,971      
0,75/18   45,362   226,087   226,087   87,504   0,364   1,704   32,153   27,568   3,334   8,098   0,000   0,000   0,000   646,829      
0,75/19   47,882   238,648   238,648   82,899   0,345   1,614   30,460   26,117   3,158   7,672   0,000   0,000   0,000   666,613      
0,75/20   50,402   251,208   251,208   78,754   0,328   1,533   28,937   24,811   3,000   7,288   0,000   0,000   0,000   687,181      
0,75/21   52,922   263,768   263,768   75,004   0,312   1,460   27,559   23,630   2,858   6,941   0,000   0,000   0,000   708,423      
0,75/22   55,443   276,329   276,329   71,594   0,298   1,394   26,307   22,556   2,728   6,625   0,000   0,000   0,000   730,25      
0,75/23   57,963   288,889   288,889   68,481   0,285   1,333   25,163   21,575   2,609   6,337   0,000   0,000   0,000   752,578      
0,75/24   60,483   301,450   301,450   65,628   0,273   1,278   24,114   20,676   2,500   6,073   0,000   0,000   0,000   775,352      
0,75/25   63,003   314,010   314,010   63,003   0,262   1,227   23,150   19,849   2,400   5,830   0,000   0,000   0,000   798,514      
0,80/ 1   2,520   13,398   13,398   1680,079   6,556   30,670   578,746   496,226   60,008   145,761   0,000   0,000   0,000   2821,593      
0,80/ 2   5,040   26,796   26,796   840,040   3,278   15,335   289,373   248,113   30,004   72,880   0,000   0,000   0,000   1454,771      
0,80/ 3   7,560   40,193   40,193   560,026   2,185   10,223   192,915   165,409   20,003   48,587   0,000   0,000   0,000   1018,704      
0,80/ 4   10,080   53,591   53,591   420,020   1,639   7,667   144,686   124,056   15,002   36,440   0,000   0,000   0,000   815,33      
0,80/ 5   12,601   66,989   66,989   336,016   1,311   6,134   115,749   99,245   12,002   29,152   0,000   0,000   0,000   705,034      
0,80/ 6   15,121   80,387   80,387   280,013   1,093   5,112   96,458   82,704   10,001   24,293   0,000   0,000   0,000   641,275      
0,80/ 7   17,641   93,784   93,784   240,011   0,937   4,381   82,678   70,889   8,573   20,823   0,000   0,000   0,000   604,105      
0,80/ 8   20,161   107,182   107,182   210,010   0,820   3,834   72,343   62,028   7,501   18,220   0,000   0,000   0,000   583,56      
0,80/ 9   22,681   120,580   120,580   186,675   0,728   3,408   64,305   55,136   6,668   16,196   0,000   0,000   0,000   574,093      
0,80/10   25,201   133,978   133,978   168,008   0,656   3,067   57,875   49,623   6,001   14,576   0,000   0,000   0,000   572,386      
0,80/11   27,721   147,375   147,375   152,734   0,596   2,788   52,613   45,111   5,455   13,251   0,000   0,000   0,000   576,313      
0,80/12   30,241   160,773   160,773   140,007   0,546   2,556   48,229   41,352   5,001   12,147   0,000   0,000   0,000   584,477      
0,80/13   32,762   174,171   174,171   129,237   0,504   2,359   44,519   38,171   4,616   11,212   0,000   0,000   0,000   595,894      
0,80/14   35,282   187,569   187,569   120,006   0,468   2,191   41,339   35,445   4,286   10,411   0,000   0,000   0,000   609,869      
0,80/15   37,802   200,966   200,966   112,005   0,437   2,045   38,583   33,082   4,001   9,717   0,000   0,000   0,000   625,886      
0,80/16   40,322   214,364   214,364   105,005   0,410   1,917   36,172   31,014   3,751   9,110   0,000   0,000   0,000   643,568      
0,80/17   42,842   227,762   227,762   98,828   0,386   1,804   34,044   29,190   3,530   8,574   0,000   0,000   0,000   662,618      
0,80/18   45,362   241,160   241,160   93,338   0,364   1,704   32,153   27,568   3,334   8,098   0,000   0,000   0,000   682,809      
0,80/19   47,882   254,557   254,557   88,425   0,345   1,614   30,460   26,117   3,158   7,672   0,000   0,000   0,000   703,957      
0,80/20   50,402   267,955   267,955   84,004   0,328   1,533   28,937   24,811   3,000   7,288   0,000   0,000   0,000   725,925      
0,80/21   52,922   281,353   281,353   80,004   0,312   1,460   27,559   23,630   2,858   6,941   0,000   0,000   0,000   748,593      
0,80/22   55,443   294,751   294,751   76,367   0,298   1,394   26,307   22,556   2,728   6,625   0,000   0,000   0,000   771,867      
0,80/23   57,963   308,148   308,148   73,047   0,285   1,333   25,163   21,575   2,609   6,337   0,000   0,000   0,000   795,662      
0,80/24   60,483   321,546   321,546   70,003   0,273   1,278   24,114   20,676   2,500   6,073   0,000   0,000   0,000   819,919      
0,80/25   63,003   334,944   334,944   67,203   0,262   1,227   23,150   19,849   2,400   5,830   0,000   0,000   0,000   844,582      
                                                
ќптимизационные значени€
ar/ћес€ц   S1   S2   S3   S4   S5   S6   S7   S8   S9   S10   Sдоп1   Sдоп2   Sдоп3   —умма      
0,50/11   27,721   92,110   92,110   95,459   0,596   2,788   52,613   45,111   5,455   13,251   0,000   0,000   0,000   408,508      
0,33/12   30,241   66,922   66,922   58,278   0,546   2,556   48,229   41,352   5,001   12,147   0,000   0,000   0,000   315,046      
0,25/12   30,241   50,242   50,242   43,752   0,546   2,556   48,229   41,352   5,001   12,147   0,000   0,000   0,000   267,16      
0,20/13   32,762   43,543   43,543   32,309   0,504   2,359   44,519   38,171   4,616   11,212   0,000   0,000   0,000   237,71      
0,67/10   25,201   111,704   111,704   140,077   0,656   3,067   57,875   49,623   6,001   14,576   0,000   0,000   0,000   499,907      
0,63/10   25,201   104,670   104,670   131,256   0,656   3,067   57,875   49,623   6,001   14,576   0,000   0,000   0,000   477,018      
0,75/10   25,201   125,604   125,604   157,507   0,656   3,067   57,875   49,623   6,001   14,576   0,000   0,000   0,000   545,137      
0,80/10   25,201   133,978   133,978   168,008   0,656   3,067   57,875   49,623   6,001   14,576   0,000   0,000   0,000   572,386      
–ассчет эффективности
ar/ћес€ц   —уп   Ён   Ёос   Ёоб   Ёс   Ёз   Ёq   Ёобщ      
0,50/11   75,54   39,28   0,17   0,09   0,08   0,01   11,38   278,90      
                              
ƒельта и т.д.
ar/ћес€ц   Smax   —умма   ƒельта Smax-—умма      
               
