–езультаты расчета
ar/ћес€ц   S1   S2   S3   S4   S5   S6   S7   S8   S9   S10   Sдоп1   Sдоп2   Sдоп3   —умма      
0,50/ 1   1,219   3,160   3,160   147,179   2,298   30,670   202,881   124,839   15,097   36,670   0,000   0,000   0,000   515,406      
0,50/ 2   2,438   6,320   6,320   73,590   1,149   15,335   101,441   62,419   7,548   18,335   0,000   0,000   0,000   269,012      
0,50/ 3   3,658   9,480   9,480   49,060   0,766   10,223   67,627   41,613   5,032   12,223   0,000   0,000   0,000   191,907      
0,50/ 4   4,877   12,640   12,640   36,795   0,575   7,667   50,720   31,210   3,774   9,167   0,000   0,000   0,000   157,124      
0,50/ 5   6,096   15,799   15,799   29,436   0,460   6,134   40,576   24,968   3,019   7,334   0,000   0,000   0,000   139,268      
0,50/ 6   7,315   18,959   18,959   24,530   0,383   5,112   33,814   20,806   2,516   6,112   0,000   0,000   0,000   129,878      
0,50/ 7   8,535   22,119   22,119   21,026   0,328   4,381   28,983   17,834   2,157   5,239   0,000   0,000   0,000   125,325      
0,50/ 8   9,754   25,279   25,279   18,397   0,287   3,834   25,360   15,605   1,887   4,584   0,000   0,000   0,000   123,795      
0,50/ 9   10,973   28,439   28,439   16,353   0,255   3,408   22,542   13,871   1,677   4,074   0,000   0,000   0,000   124,28      
0,50/10   12,192   31,599   31,599   14,718   0,230   3,067   20,288   12,484   1,510   3,667   0,000   0,000   0,000   126,177      
0,50/11   13,412   34,759   34,759   13,380   0,209   2,788   18,444   11,349   1,372   3,334   0,000   0,000   0,000   129,1      
0,50/12   14,631   37,919   37,919   12,265   0,192   2,556   16,907   10,403   1,258   3,056   0,000   0,000   0,000   132,792      
0,50/13   15,850   41,079   41,079   11,321   0,177   2,359   15,606   9,603   1,161   2,821   0,000   0,000   0,000   137,074      
0,50/15   18,289   47,398   47,398   9,812   0,153   2,045   13,525   8,323   1,006   2,445   0,000   0,000   0,000   146,943      
0,33/ 1   1,219   2,104   2,104   98,021   2,298   30,670   202,881   124,839   15,097   36,670   0,000   0,000   0,000   464,136      
0,33/ 2   2,438   4,209   4,209   49,011   1,149   15,335   101,441   62,419   7,548   18,335   0,000   0,000   0,000   240,211      
0,33/ 3   3,658   6,313   6,313   32,674   0,766   10,223   67,627   41,613   5,032   12,223   0,000   0,000   0,000   169,187      
0,33/ 4   4,877   8,418   8,418   24,505   0,575   7,667   50,720   31,210   3,774   9,167   0,000   0,000   0,000   136,39      
0,33/ 5   6,096   10,522   10,522   19,604   0,460   6,134   40,576   24,968   3,019   7,334   0,000   0,000   0,000   118,882      
0,33/ 6   7,315   12,627   12,627   16,337   0,383   5,112   33,814   20,806   2,516   6,112   0,000   0,000   0,000   109,021      
0,33/ 7   8,535   14,731   14,731   14,003   0,328   4,381   28,983   17,834   2,157   5,239   0,000   0,000   0,000   103,526      
0,33/ 8   9,754   16,836   16,836   12,253   0,287   3,834   25,360   15,605   1,887   4,584   0,000   0,000   0,000   100,765      
0,33/ 9   10,973   18,940   18,940   10,891   0,255   3,408   22,542   13,871   1,677   4,074   0,000   0,000   0,000   99,82      
0,33/10   12,192   21,045   21,045   9,802   0,230   3,067   20,288   12,484   1,510   3,667   0,000   0,000   0,000   100,153      
0,33/11   13,412   23,149   23,149   8,911   0,209   2,788   18,444   11,349   1,372   3,334   0,000   0,000   0,000   101,411      
0,33/12   14,631   25,254   25,254   8,168   0,192   2,556   16,907   10,403   1,258   3,056   0,000   0,000   0,000   103,365      
0,33/13   15,850   27,358   27,358   7,540   0,177   2,359   15,606   9,603   1,161   2,821   0,000   0,000   0,000   105,851      
0,33/15   18,289   31,567   31,567   6,535   0,153   2,045   13,525   8,323   1,006   2,445   0,000   0,000   0,000   112,004      
0,25/ 1   1,219   1,580   1,580   73,590   2,298   30,670   202,881   124,839   15,097   36,670   0,000   0,000   0,000   438,657      
0,25/ 2   2,438   3,160   3,160   36,795   1,149   15,335   101,441   62,419   7,548   18,335   0,000   0,000   0,000   225,897      
0,25/ 3   3,658   4,740   4,740   24,530   0,766   10,223   67,627   41,613   5,032   12,223   0,000   0,000   0,000   157,897      
0,25/ 4   4,877   6,320   6,320   18,397   0,575   7,667   50,720   31,210   3,774   9,167   0,000   0,000   0,000   126,086      
0,25/ 5   6,096   7,900   7,900   14,718   0,460   6,134   40,576   24,968   3,019   7,334   0,000   0,000   0,000   108,752      
0,25/ 6   7,315   9,480   9,480   12,265   0,383   5,112   33,814   20,806   2,516   6,112   0,000   0,000   0,000   98,655      
0,25/ 7   8,535   11,060   11,060   10,513   0,328   4,381   28,983   17,834   2,157   5,239   0,000   0,000   0,000   92,694      
0,25/ 8   9,754   12,640   12,640   9,199   0,287   3,834   25,360   15,605   1,887   4,584   0,000   0,000   0,000   89,319      
0,25/ 9   10,973   14,220   14,220   8,177   0,255   3,408   22,542   13,871   1,677   4,074   0,000   0,000   0,000   87,666      
0,25/10   12,192   15,799   15,799   7,359   0,230   3,067   20,288   12,484   1,510   3,667   0,000   0,000   0,000   87,218      
0,25/11   13,412   17,379   17,379   6,690   0,209   2,788   18,444   11,349   1,372   3,334   0,000   0,000   0,000   87,65      
0,25/12   14,631   18,959   18,959   6,132   0,192   2,556   16,907   10,403   1,258   3,056   0,000   0,000   0,000   88,739      
0,25/13   15,850   20,539   20,539   5,661   0,177   2,359   15,606   9,603   1,161   2,821   0,000   0,000   0,000   90,334      
0,25/15   18,289   23,699   23,699   4,906   0,153   2,045   13,525   8,323   1,006   2,445   0,000   0,000   0,000   94,639      
0,20/ 1   1,219   1,264   1,264   58,872   2,298   30,670   202,881   124,839   15,097   36,670   0,000   0,000   0,000   423,307      
0,20/ 2   2,438   2,528   2,528   29,436   1,149   15,335   101,441   62,419   7,548   18,335   0,000   0,000   0,000   217,274      
0,20/ 3   3,658   3,792   3,792   19,624   0,766   10,223   67,627   41,613   5,032   12,223   0,000   0,000   0,000   151,095      
0,20/ 4   4,877   5,056   5,056   14,718   0,575   7,667   50,720   31,210   3,774   9,167   0,000   0,000   0,000   119,879      
0,20/ 5   6,096   6,320   6,320   11,774   0,460   6,134   40,576   24,968   3,019   7,334   0,000   0,000   0,000   102,648      
0,20/ 6   7,315   7,584   7,584   9,812   0,383   5,112   33,814   20,806   2,516   6,112   0,000   0,000   0,000   92,41      
0,20/ 7   8,535   8,848   8,848   8,410   0,328   4,381   28,983   17,834   2,157   5,239   0,000   0,000   0,000   86,167      
0,20/ 8   9,754   10,112   10,112   7,359   0,287   3,834   25,360   15,605   1,887   4,584   0,000   0,000   0,000   82,423      
0,20/ 9   10,973   11,376   11,376   6,541   0,255   3,408   22,542   13,871   1,677   4,074   0,000   0,000   0,000   80,342      
0,20/10   12,192   12,640   12,640   5,887   0,230   3,067   20,288   12,484   1,510   3,667   0,000   0,000   0,000   79,428      
0,20/11   13,412   13,904   13,904   5,352   0,209   2,788   18,444   11,349   1,372   3,334   0,000   0,000   0,000   79,362      
0,20/12   14,631   15,168   15,168   4,906   0,192   2,556   16,907   10,403   1,258   3,056   0,000   0,000   0,000   79,931      
0,20/13   15,850   16,431   16,431   4,529   0,177   2,359   15,606   9,603   1,161   2,821   0,000   0,000   0,000   80,986      
0,20/15   18,289   18,959   18,959   3,925   0,153   2,045   13,525   8,323   1,006   2,445   0,000   0,000   0,000   84,178      
0,67/ 1   1,219   4,215   4,215   196,337   2,298   30,670   202,881   124,839   15,097   36,670   0,000   0,000   0,000   566,674      
0,67/ 2   2,438   8,431   8,431   98,168   1,149   15,335   101,441   62,419   7,548   18,335   0,000   0,000   0,000   297,812      
0,67/ 3   3,658   12,646   12,646   65,446   0,766   10,223   67,627   41,613   5,032   12,223   0,000   0,000   0,000   214,625      
0,67/ 4   4,877   16,861   16,861   49,084   0,575   7,667   50,720   31,210   3,774   9,167   0,000   0,000   0,000   177,855      
0,67/ 5   6,096   21,077   21,077   39,267   0,460   6,134   40,576   24,968   3,019   7,334   0,000   0,000   0,000   159,655      
0,67/ 6   7,315   25,292   25,292   32,723   0,383   5,112   33,814   20,806   2,516   6,112   0,000   0,000   0,000   150,737      
0,67/ 7   8,535   29,507   29,507   28,048   0,328   4,381   28,983   17,834   2,157   5,239   0,000   0,000   0,000   147,123      
0,67/ 8   9,754   33,722   33,722   24,542   0,287   3,834   25,360   15,605   1,887   4,584   0,000   0,000   0,000   146,826      
0,67/ 9   10,973   37,938   37,938   21,815   0,255   3,408   22,542   13,871   1,677   4,074   0,000   0,000   0,000   148,74      
0,67/10   12,192   42,153   42,153   19,634   0,230   3,067   20,288   12,484   1,510   3,667   0,000   0,000   0,000   152,201      
0,67/11   13,412   46,368   46,368   17,849   0,209   2,788   18,444   11,349   1,372   3,334   0,000   0,000   0,000   156,787      
0,67/12   14,631   50,584   50,584   16,361   0,192   2,556   16,907   10,403   1,258   3,056   0,000   0,000   0,000   162,218      
0,67/13   15,850   54,799   54,799   15,103   0,177   2,359   15,606   9,603   1,161   2,821   0,000   0,000   0,000   168,296      
0,67/15   18,289   63,230   63,230   13,089   0,153   2,045   13,525   8,323   1,006   2,445   0,000   0,000   0,000   181,884      
0,63/ 1   1,219   3,950   3,950   183,974   2,298   30,670   202,881   124,839   15,097   36,670   0,000   0,000   0,000   553,781      
0,63/ 2   2,438   7,900   7,900   91,987   1,149   15,335   101,441   62,419   7,548   18,335   0,000   0,000   0,000   290,569      
0,63/ 3   3,658   11,850   11,850   61,325   0,766   10,223   67,627   41,613   5,032   12,223   0,000   0,000   0,000   208,912      
0,63/ 4   4,877   15,799   15,799   45,993   0,575   7,667   50,720   31,210   3,774   9,167   0,000   0,000   0,000   172,64      
0,63/ 5   6,096   19,749   19,749   36,795   0,460   6,134   40,576   24,968   3,019   7,334   0,000   0,000   0,000   154,527      
0,63/ 6   7,315   23,699   23,699   30,662   0,383   5,112   33,814   20,806   2,516   6,112   0,000   0,000   0,000   145,49      
0,63/ 7   8,535   27,649   27,649   26,282   0,328   4,381   28,983   17,834   2,157   5,239   0,000   0,000   0,000   141,641      
0,63/ 8   9,754   31,599   31,599   22,997   0,287   3,834   25,360   15,605   1,887   4,584   0,000   0,000   0,000   141,035      
0,63/ 9   10,973   35,549   35,549   20,442   0,255   3,408   22,542   13,871   1,677   4,074   0,000   0,000   0,000   142,589      
0,63/10   12,192   39,499   39,499   18,397   0,230   3,067   20,288   12,484   1,510   3,667   0,000   0,000   0,000   145,656      
0,63/11   13,412   43,449   43,449   16,725   0,209   2,788   18,444   11,349   1,372   3,334   0,000   0,000   0,000   149,825      
0,63/12   14,631   47,398   47,398   15,331   0,192   2,556   16,907   10,403   1,258   3,056   0,000   0,000   0,000   154,816      
0,63/13   15,850   51,348   51,348   14,152   0,177   2,359   15,606   9,603   1,161   2,821   0,000   0,000   0,000   160,443      
0,63/15   18,289   59,248   59,248   12,265   0,153   2,045   13,525   8,323   1,006   2,445   0,000   0,000   0,000   173,096      
0,75/ 1   1,219   4,740   4,740   220,769   2,298   30,670   202,881   124,839   15,097   36,670   0,000   0,000   0,000   592,156      
0,75/ 2   2,438   9,480   9,480   110,384   1,149   15,335   101,441   62,419   7,548   18,335   0,000   0,000   0,000   312,126      
0,75/ 3   3,658   14,220   14,220   73,590   0,766   10,223   67,627   41,613   5,032   12,223   0,000   0,000   0,000   225,917      
0,75/ 4   4,877   18,959   18,959   55,192   0,575   7,667   50,720   31,210   3,774   9,167   0,000   0,000   0,000   188,159      
0,75/ 5   6,096   23,699   23,699   44,154   0,460   6,134   40,576   24,968   3,019   7,334   0,000   0,000   0,000   169,786      
0,75/ 6   7,315   28,439   28,439   36,795   0,383   5,112   33,814   20,806   2,516   6,112   0,000   0,000   0,000   161,103      
0,75/ 7   8,535   33,179   33,179   31,538   0,328   4,381   28,983   17,834   2,157   5,239   0,000   0,000   0,000   157,957      
0,75/ 8   9,754   37,919   37,919   27,596   0,287   3,834   25,360   15,605   1,887   4,584   0,000   0,000   0,000   158,274      
0,75/ 9   10,973   42,659   42,659   24,530   0,255   3,408   22,542   13,871   1,677   4,074   0,000   0,000   0,000   160,897      
0,75/10   12,192   47,398   47,398   22,077   0,230   3,067   20,288   12,484   1,510   3,667   0,000   0,000   0,000   165,134      
0,75/11   13,412   52,138   52,138   20,070   0,209   2,788   18,444   11,349   1,372   3,334   0,000   0,000   0,000   170,548      
0,75/12   14,631   56,878   56,878   18,397   0,192   2,556   16,907   10,403   1,258   3,056   0,000   0,000   0,000   176,842      
0,75/13   15,850   61,618   61,618   16,982   0,177   2,359   15,606   9,603   1,161   2,821   0,000   0,000   0,000   183,813      
0,75/15   18,289   71,098   71,098   14,718   0,153   2,045   13,525   8,323   1,006   2,445   0,000   0,000   0,000   199,249      
0,80/ 1   1,219   5,056   5,056   235,487   2,298   30,670   202,881   124,839   15,097   36,670   0,000   0,000   0,000   607,506      
0,80/ 2   2,438   10,112   10,112   117,743   1,149   15,335   101,441   62,419   7,548   18,335   0,000   0,000   0,000   320,749      
0,80/ 3   3,658   15,168   15,168   78,496   0,766   10,223   67,627   41,613   5,032   12,223   0,000   0,000   0,000   232,719      
0,80/ 4   4,877   20,223   20,223   58,872   0,575   7,667   50,720   31,210   3,774   9,167   0,000   0,000   0,000   194,367      
0,80/ 5   6,096   25,279   25,279   47,097   0,460   6,134   40,576   24,968   3,019   7,334   0,000   0,000   0,000   175,889      
0,80/ 6   7,315   30,335   30,335   39,248   0,383   5,112   33,814   20,806   2,516   6,112   0,000   0,000   0,000   167,348      
0,80/ 7   8,535   35,391   35,391   33,641   0,328   4,381   28,983   17,834   2,157   5,239   0,000   0,000   0,000   164,484      
0,80/ 8   9,754   40,447   40,447   29,436   0,287   3,834   25,360   15,605   1,887   4,584   0,000   0,000   0,000   165,17      
0,80/ 9   10,973   45,503   45,503   26,165   0,255   3,408   22,542   13,871   1,677   4,074   0,000   0,000   0,000   168,22      
0,80/10   12,192   50,558   50,558   23,549   0,230   3,067   20,288   12,484   1,510   3,667   0,000   0,000   0,000   172,926      
0,80/11   13,412   55,614   55,614   21,408   0,209   2,788   18,444   11,349   1,372   3,334   0,000   0,000   0,000   178,838      
0,80/12   14,631   60,670   60,670   19,624   0,192   2,556   16,907   10,403   1,258   3,056   0,000   0,000   0,000   185,653      
0,80/13   15,850   65,726   65,726   18,114   0,177   2,359   15,606   9,603   1,161   2,821   0,000   0,000   0,000   193,161      
0,80/15   18,289   75,838   75,838   15,699   0,153   2,045   13,525   8,323   1,006   2,445   0,000   0,000   0,000   209,71      
                                                
ќптимизационные значени€
ar/ћес€ц   S1   S2   S3   S4   S5   S6   S7   S8   S9   S10   Sдоп1   Sдоп2   Sдоп3   —умма      
0,50/ 8   9,754   25,279   25,279   18,397   0,287   3,834   25,360   15,605   1,887   4,584   0,000   0,000   0,000   123,795      
0,33/ 9   10,973   18,940   18,940   10,891   0,255   3,408   22,542   13,871   1,677   4,074   0,000   0,000   0,000   99,82      
0,25/10   12,192   15,799   15,799   7,359   0,230   3,067   20,288   12,484   1,510   3,667   0,000   0,000   0,000   87,218      
0,20/11   13,412   13,904   13,904   5,352   0,209   2,788   18,444   11,349   1,372   3,334   0,000   0,000   0,000   79,362      
0,67/ 8   9,754   33,722   33,722   24,542   0,287   3,834   25,360   15,605   1,887   4,584   0,000   0,000   0,000   146,826      
0,63/ 8   9,754   31,599   31,599   22,997   0,287   3,834   25,360   15,605   1,887   4,584   0,000   0,000   0,000   141,035      
0,75/ 7   8,535   33,179   33,179   31,538   0,328   4,381   28,983   17,834   2,157   5,239   0,000   0,000   0,000   157,957      
0,80/ 7   8,535   35,391   35,391   33,641   0,328   4,381   28,983   17,834   2,157   5,239   0,000   0,000   0,000   164,484      
                                                
–асчет эффективности
ar/ћес€ц   —уп   Ён   Ёос   Ёоб   Ёс   Ёз   Ёq   Ёобщ      
0,50/ 8   14,17   3,27   0,12   0,06   0,02   0,00   3,99   91,40      
0,33/13   6,05   0,47   0,02   0,01   0,01   0,00   3,99   91,31      
ƒельта и т.д.
ar/ћес€ц   Smax   —умма   ƒельта Smax-—умма      
0,50/15   193,161   146,943   46,218      
0,33/15   193,161   112,004   81,157      
0,25/15   193,161   94,639   98,522      
0,20/15   193,161   84,178   108,983      
0,67/15   193,161   181,884   11,277      
0,63/15   193,161   173,096   20,065      
0,75/15   193,161   199,249   -6,088      
0,80/15   193,161   209,71   -16,549      
               
