–езультаты расчета
ar/ћес€ц   S1   S2   S3   S4   S5   S6   S7   S8   S9   S10   Sдоп1   Sдоп2   Sдоп3   —умма      
0,50/ 1   1,219   2,107   2,107   147,179   2,298   30,670   202,881   124,839   15,097   36,670   0,000   0,000   0,000   513,3      
0,50/ 2   2,438   4,213   4,213   73,590   1,149   15,335   101,441   62,419   7,548   18,335   0,000   0,000   0,000   264,798      
0,50/ 3   3,658   6,320   6,320   49,060   0,766   10,223   67,627   41,613   5,032   12,223   0,000   0,000   0,000   185,587      
0,50/ 4   4,877   8,426   8,426   36,795   0,575   7,667   50,720   31,210   3,774   9,167   0,000   0,000   0,000   148,696      
0,50/ 5   6,096   10,533   10,533   29,436   0,460   6,134   40,576   24,968   3,019   7,334   0,000   0,000   0,000   128,736      
0,50/ 6   7,315   12,640   12,640   24,530   0,383   5,112   33,814   20,806   2,516   6,112   0,000   0,000   0,000   117,24      
0,50/ 7   8,535   14,746   14,746   21,026   0,328   4,381   28,983   17,834   2,157   5,239   0,000   0,000   0,000   110,579      
0,50/ 8   9,754   16,853   16,853   18,397   0,287   3,834   25,360   15,605   1,887   4,584   0,000   0,000   0,000   106,943      
0,50/ 9   10,973   18,959   18,959   16,353   0,255   3,408   22,542   13,871   1,677   4,074   0,000   0,000   0,000   105,32      
0,50/10   12,192   21,066   21,066   14,718   0,230   3,067   20,288   12,484   1,510   3,667   0,000   0,000   0,000   105,111      
0,50/11   13,412   23,173   23,173   13,380   0,209   2,788   18,444   11,349   1,372   3,334   0,000   0,000   0,000   105,928      
0,50/12   14,631   25,279   25,279   12,265   0,192   2,556   16,907   10,403   1,258   3,056   0,000   0,000   0,000   107,512      
0,50/13   15,850   27,386   27,386   11,321   0,177   2,359   15,606   9,603   1,161   2,821   0,000   0,000   0,000   109,688      
0,50/15   18,289   31,599   31,599   9,812   0,153   2,045   13,525   8,323   1,006   2,445   0,000   0,000   0,000   115,345      
0,33/ 1   1,219   1,403   1,403   98,021   2,298   30,670   202,881   124,839   15,097   36,670   0,000   0,000   0,000   462,734      
0,33/ 2   2,438   2,806   2,806   49,011   1,149   15,335   101,441   62,419   7,548   18,335   0,000   0,000   0,000   237,405      
0,33/ 3   3,658   4,209   4,209   32,674   0,766   10,223   67,627   41,613   5,032   12,223   0,000   0,000   0,000   164,979      
0,33/ 4   4,877   5,612   5,612   24,505   0,575   7,667   50,720   31,210   3,774   9,167   0,000   0,000   0,000   130,778      
0,33/ 5   6,096   7,015   7,015   19,604   0,460   6,134   40,576   24,968   3,019   7,334   0,000   0,000   0,000   111,868      
0,33/ 6   7,315   8,418   8,418   16,337   0,383   5,112   33,814   20,806   2,516   6,112   0,000   0,000   0,000   100,603      
0,33/ 7   8,535   9,821   9,821   14,003   0,328   4,381   28,983   17,834   2,157   5,239   0,000   0,000   0,000   93,706      
0,33/ 8   9,754   11,224   11,224   12,253   0,287   3,834   25,360   15,605   1,887   4,584   0,000   0,000   0,000   89,541      
0,33/ 9   10,973   12,627   12,627   10,891   0,255   3,408   22,542   13,871   1,677   4,074   0,000   0,000   0,000   87,194      
0,33/10   12,192   14,030   14,030   9,802   0,230   3,067   20,288   12,484   1,510   3,667   0,000   0,000   0,000   86,123      
0,33/11   13,412   15,433   15,433   8,911   0,209   2,788   18,444   11,349   1,372   3,334   0,000   0,000   0,000   85,979      
0,33/12   14,631   16,836   16,836   8,168   0,192   2,556   16,907   10,403   1,258   3,056   0,000   0,000   0,000   86,529      
0,33/13   15,850   18,239   18,239   7,540   0,177   2,359   15,606   9,603   1,161   2,821   0,000   0,000   0,000   87,613      
0,33/15   18,289   21,045   21,045   6,535   0,153   2,045   13,525   8,323   1,006   2,445   0,000   0,000   0,000   90,96      
0,25/ 1   1,219   1,053   1,053   73,590   2,298   30,670   202,881   124,839   15,097   36,670   0,000   0,000   0,000   437,603      
0,25/ 2   2,438   2,107   2,107   36,795   1,149   15,335   101,441   62,419   7,548   18,335   0,000   0,000   0,000   223,791      
0,25/ 3   3,658   3,160   3,160   24,530   0,766   10,223   67,627   41,613   5,032   12,223   0,000   0,000   0,000   154,737      
0,25/ 4   4,877   4,213   4,213   18,397   0,575   7,667   50,720   31,210   3,774   9,167   0,000   0,000   0,000   121,872      
0,25/ 5   6,096   5,266   5,266   14,718   0,460   6,134   40,576   24,968   3,019   7,334   0,000   0,000   0,000   103,484      
0,25/ 6   7,315   6,320   6,320   12,265   0,383   5,112   33,814   20,806   2,516   6,112   0,000   0,000   0,000   92,335      
0,25/ 7   8,535   7,373   7,373   10,513   0,328   4,381   28,983   17,834   2,157   5,239   0,000   0,000   0,000   85,32      
0,25/ 8   9,754   8,426   8,426   9,199   0,287   3,834   25,360   15,605   1,887   4,584   0,000   0,000   0,000   80,891      
0,25/ 9   10,973   9,480   9,480   8,177   0,255   3,408   22,542   13,871   1,677   4,074   0,000   0,000   0,000   78,186      
0,25/10   12,192   10,533   10,533   7,359   0,230   3,067   20,288   12,484   1,510   3,667   0,000   0,000   0,000   76,686      
0,25/11   13,412   11,586   11,586   6,690   0,209   2,788   18,444   11,349   1,372   3,334   0,000   0,000   0,000   76,064      
0,25/12   14,631   12,640   12,640   6,132   0,192   2,556   16,907   10,403   1,258   3,056   0,000   0,000   0,000   76,101      
0,25/13   15,850   13,693   13,693   5,661   0,177   2,359   15,606   9,603   1,161   2,821   0,000   0,000   0,000   76,642      
0,25/15   18,289   15,799   15,799   4,906   0,153   2,045   13,525   8,323   1,006   2,445   0,000   0,000   0,000   78,839      
0,20/ 1   1,219   0,843   0,843   58,872   2,298   30,670   202,881   124,839   15,097   36,670   0,000   0,000   0,000   422,465      
0,20/ 2   2,438   1,685   1,685   29,436   1,149   15,335   101,441   62,419   7,548   18,335   0,000   0,000   0,000   215,588      
0,20/ 3   3,658   2,528   2,528   19,624   0,766   10,223   67,627   41,613   5,032   12,223   0,000   0,000   0,000   148,567      
0,20/ 4   4,877   3,371   3,371   14,718   0,575   7,667   50,720   31,210   3,774   9,167   0,000   0,000   0,000   116,509      
0,20/ 5   6,096   4,213   4,213   11,774   0,460   6,134   40,576   24,968   3,019   7,334   0,000   0,000   0,000   98,434      
0,20/ 6   7,315   5,056   5,056   9,812   0,383   5,112   33,814   20,806   2,516   6,112   0,000   0,000   0,000   87,354      
0,20/ 7   8,535   5,898   5,898   8,410   0,328   4,381   28,983   17,834   2,157   5,239   0,000   0,000   0,000   80,267      
0,20/ 8   9,754   6,741   6,741   7,359   0,287   3,834   25,360   15,605   1,887   4,584   0,000   0,000   0,000   75,681      
0,20/ 9   10,973   7,584   7,584   6,541   0,255   3,408   22,542   13,871   1,677   4,074   0,000   0,000   0,000   72,758      
0,20/10   12,192   8,426   8,426   5,887   0,230   3,067   20,288   12,484   1,510   3,667   0,000   0,000   0,000   71      
0,20/11   13,412   9,269   9,269   5,352   0,209   2,788   18,444   11,349   1,372   3,334   0,000   0,000   0,000   70,092      
0,20/12   14,631   10,112   10,112   4,906   0,192   2,556   16,907   10,403   1,258   3,056   0,000   0,000   0,000   69,819      
0,20/13   15,850   10,954   10,954   4,529   0,177   2,359   15,606   9,603   1,161   2,821   0,000   0,000   0,000   70,032      
0,20/15   18,289   12,640   12,640   3,925   0,153   2,045   13,525   8,323   1,006   2,445   0,000   0,000   0,000   71,54      
0,67/ 1   1,219   2,810   2,810   196,337   2,298   30,670   202,881   124,839   15,097   36,670   0,000   0,000   0,000   563,864      
0,67/ 2   2,438   5,620   5,620   98,168   1,149   15,335   101,441   62,419   7,548   18,335   0,000   0,000   0,000   292,19      
0,67/ 3   3,658   8,431   8,431   65,446   0,766   10,223   67,627   41,613   5,032   12,223   0,000   0,000   0,000   206,195      
0,67/ 4   4,877   11,241   11,241   49,084   0,575   7,667   50,720   31,210   3,774   9,167   0,000   0,000   0,000   166,615      
0,67/ 5   6,096   14,051   14,051   39,267   0,460   6,134   40,576   24,968   3,019   7,334   0,000   0,000   0,000   145,603      
0,67/ 6   7,315   16,861   16,861   32,723   0,383   5,112   33,814   20,806   2,516   6,112   0,000   0,000   0,000   133,875      
0,67/ 7   8,535   19,671   19,671   28,048   0,328   4,381   28,983   17,834   2,157   5,239   0,000   0,000   0,000   127,451      
0,67/ 8   9,754   22,482   22,482   24,542   0,287   3,834   25,360   15,605   1,887   4,584   0,000   0,000   0,000   124,346      
0,67/ 9   10,973   25,292   25,292   21,815   0,255   3,408   22,542   13,871   1,677   4,074   0,000   0,000   0,000   123,448      
0,67/10   12,192   28,102   28,102   19,634   0,230   3,067   20,288   12,484   1,510   3,667   0,000   0,000   0,000   124,099      
0,67/11   13,412   30,912   30,912   17,849   0,209   2,788   18,444   11,349   1,372   3,334   0,000   0,000   0,000   125,875      
0,67/12   14,631   33,722   33,722   16,361   0,192   2,556   16,907   10,403   1,258   3,056   0,000   0,000   0,000   128,494      
0,67/13   15,850   36,533   36,533   15,103   0,177   2,359   15,606   9,603   1,161   2,821   0,000   0,000   0,000   131,764      
0,67/15   18,289   42,153   42,153   13,089   0,153   2,045   13,525   8,323   1,006   2,445   0,000   0,000   0,000   139,73      
0,63/ 1   1,219   2,633   2,633   183,974   2,298   30,670   202,881   124,839   15,097   36,670   0,000   0,000   0,000   551,147      
0,63/ 2   2,438   5,266   5,266   91,987   1,149   15,335   101,441   62,419   7,548   18,335   0,000   0,000   0,000   285,301      
0,63/ 3   3,658   7,900   7,900   61,325   0,766   10,223   67,627   41,613   5,032   12,223   0,000   0,000   0,000   201,012      
0,63/ 4   4,877   10,533   10,533   45,993   0,575   7,667   50,720   31,210   3,774   9,167   0,000   0,000   0,000   162,108      
0,63/ 5   6,096   13,166   13,166   36,795   0,460   6,134   40,576   24,968   3,019   7,334   0,000   0,000   0,000   141,361      
0,63/ 6   7,315   15,799   15,799   30,662   0,383   5,112   33,814   20,806   2,516   6,112   0,000   0,000   0,000   129,69      
0,63/ 7   8,535   18,433   18,433   26,282   0,328   4,381   28,983   17,834   2,157   5,239   0,000   0,000   0,000   123,209      
0,63/ 8   9,754   21,066   21,066   22,997   0,287   3,834   25,360   15,605   1,887   4,584   0,000   0,000   0,000   119,969      
0,63/ 9   10,973   23,699   23,699   20,442   0,255   3,408   22,542   13,871   1,677   4,074   0,000   0,000   0,000   118,889      
0,63/10   12,192   26,332   26,332   18,397   0,230   3,067   20,288   12,484   1,510   3,667   0,000   0,000   0,000   119,322      
0,63/11   13,412   28,966   28,966   16,725   0,209   2,788   18,444   11,349   1,372   3,334   0,000   0,000   0,000   120,859      
0,63/12   14,631   31,599   31,599   15,331   0,192   2,556   16,907   10,403   1,258   3,056   0,000   0,000   0,000   123,218      
0,63/13   15,850   34,232   34,232   14,152   0,177   2,359   15,606   9,603   1,161   2,821   0,000   0,000   0,000   126,211      
0,63/15   18,289   39,499   39,499   12,265   0,153   2,045   13,525   8,323   1,006   2,445   0,000   0,000   0,000   133,598      
0,75/ 1   1,219   3,160   3,160   220,769   2,298   30,670   202,881   124,839   15,097   36,670   0,000   0,000   0,000   588,996      
0,75/ 2   2,438   6,320   6,320   110,384   1,149   15,335   101,441   62,419   7,548   18,335   0,000   0,000   0,000   305,806      
0,75/ 3   3,658   9,480   9,480   73,590   0,766   10,223   67,627   41,613   5,032   12,223   0,000   0,000   0,000   216,437      
0,75/ 4   4,877   12,640   12,640   55,192   0,575   7,667   50,720   31,210   3,774   9,167   0,000   0,000   0,000   175,521      
0,75/ 5   6,096   15,799   15,799   44,154   0,460   6,134   40,576   24,968   3,019   7,334   0,000   0,000   0,000   153,986      
0,75/ 6   7,315   18,959   18,959   36,795   0,383   5,112   33,814   20,806   2,516   6,112   0,000   0,000   0,000   142,143      
0,75/ 7   8,535   22,119   22,119   31,538   0,328   4,381   28,983   17,834   2,157   5,239   0,000   0,000   0,000   135,837      
0,75/ 8   9,754   25,279   25,279   27,596   0,287   3,834   25,360   15,605   1,887   4,584   0,000   0,000   0,000   132,994      
0,75/ 9   10,973   28,439   28,439   24,530   0,255   3,408   22,542   13,871   1,677   4,074   0,000   0,000   0,000   132,457      
0,75/10   12,192   31,599   31,599   22,077   0,230   3,067   20,288   12,484   1,510   3,667   0,000   0,000   0,000   133,536      
0,75/11   13,412   34,759   34,759   20,070   0,209   2,788   18,444   11,349   1,372   3,334   0,000   0,000   0,000   135,79      
0,75/12   14,631   37,919   37,919   18,397   0,192   2,556   16,907   10,403   1,258   3,056   0,000   0,000   0,000   138,924      
0,75/13   15,850   41,079   41,079   16,982   0,177   2,359   15,606   9,603   1,161   2,821   0,000   0,000   0,000   142,735      
0,75/15   18,289   47,398   47,398   14,718   0,153   2,045   13,525   8,323   1,006   2,445   0,000   0,000   0,000   151,849      
0,80/ 1   1,219   3,371   3,371   235,487   2,298   30,670   202,881   124,839   15,097   36,670   0,000   0,000   0,000   604,136      
0,80/ 2   2,438   6,741   6,741   117,743   1,149   15,335   101,441   62,419   7,548   18,335   0,000   0,000   0,000   314,007      
0,80/ 3   3,658   10,112   10,112   78,496   0,766   10,223   67,627   41,613   5,032   12,223   0,000   0,000   0,000   222,607      
0,80/ 4   4,877   13,482   13,482   58,872   0,575   7,667   50,720   31,210   3,774   9,167   0,000   0,000   0,000   180,885      
0,80/ 5   6,096   16,853   16,853   47,097   0,460   6,134   40,576   24,968   3,019   7,334   0,000   0,000   0,000   159,037      
0,80/ 6   7,315   20,223   20,223   39,248   0,383   5,112   33,814   20,806   2,516   6,112   0,000   0,000   0,000   147,124      
0,80/ 7   8,535   23,594   23,594   33,641   0,328   4,381   28,983   17,834   2,157   5,239   0,000   0,000   0,000   140,89      
0,80/ 8   9,754   26,964   26,964   29,436   0,287   3,834   25,360   15,605   1,887   4,584   0,000   0,000   0,000   138,204      
0,80/ 9   10,973   30,335   30,335   26,165   0,255   3,408   22,542   13,871   1,677   4,074   0,000   0,000   0,000   137,884      
0,80/10   12,192   33,706   33,706   23,549   0,230   3,067   20,288   12,484   1,510   3,667   0,000   0,000   0,000   139,222      
0,80/11   13,412   37,076   37,076   21,408   0,209   2,788   18,444   11,349   1,372   3,334   0,000   0,000   0,000   141,762      
0,80/12   14,631   40,447   40,447   19,624   0,192   2,556   16,907   10,403   1,258   3,056   0,000   0,000   0,000   145,207      
0,80/13   15,850   43,817   43,817   18,114   0,177   2,359   15,606   9,603   1,161   2,821   0,000   0,000   0,000   149,343      
0,80/15   18,289   50,558   50,558   15,699   0,153   2,045   13,525   8,323   1,006   2,445   0,000   0,000   0,000   159,15      
                                                
ќптимизационные значени€
ar/ћес€ц   S1   S2   S3   S4   S5   S6   S7   S8   S9   S10   Sдоп1   Sдоп2   Sдоп3   —умма      
0,50/10   12,192   21,066   21,066   14,718   0,230   3,067   20,288   12,484   1,510   3,667   0,000   0,000   0,000   105,111      
0,33/11   13,412   15,433   15,433   8,911   0,209   2,788   18,444   11,349   1,372   3,334   0,000   0,000   0,000   85,979      
0,25/11   13,412   11,586   11,586   6,690   0,209   2,788   18,444   11,349   1,372   3,334   0,000   0,000   0,000   76,064      
0,20/12   14,631   10,112   10,112   4,906   0,192   2,556   16,907   10,403   1,258   3,056   0,000   0,000   0,000   69,819      
0,67/ 9   10,973   25,292   25,292   21,815   0,255   3,408   22,542   13,871   1,677   4,074   0,000   0,000   0,000   123,448      
0,63/ 9   10,973   23,699   23,699   20,442   0,255   3,408   22,542   13,871   1,677   4,074   0,000   0,000   0,000   118,889      
0,75/ 9   10,973   28,439   28,439   24,530   0,255   3,408   22,542   13,871   1,677   4,074   0,000   0,000   0,000   132,457      
0,80/ 9   10,973   30,335   30,335   26,165   0,255   3,408   22,542   13,871   1,677   4,074   0,000   0,000   0,000   137,884      
                                                
–асчет эффективности
ar/ћес€ц   —уп   Ён   Ёос   Ёоб   Ёс   Ёз   Ёq   Ёобщ      
0,50/10   9,90   1,52   0,05   0,03   0,01   0,00   3,99   80,14      
0,33/13   6,05   0,47   0,02   0,01   0,01   0,00   3,99   91,31      
ƒельта и т.д.
ar/ћес€ц   Smax   —умма   ƒельта Smax-—умма      
0,50/15   149,343   115,345   33,998      
0,33/15   149,343   90,96   58,383      
0,25/15   149,343   78,839   70,504      
0,20/15   149,343   71,54   77,803      
0,67/15   149,343   139,73   9,613      
0,63/15   149,343   133,598   15,745      
0,75/15   149,343   151,849   -2,506      
0,80/15   149,343   159,15   -9,807      
               
