–езультаты расчета
ar/ћес€ц   S1   S2   S3   S4   S5   S6   S7   S8   S9   S10   Sдоп1   Sдоп2   Sдоп3   —умма      
0,50/ 1   1,219   1,580   1,580   147,179   2,298   30,670   202,881   124,839   15,097   36,670   0,000   0,000   0,000   512,246      
0,50/ 2   2,438   3,160   3,160   73,590   1,149   15,335   101,441   62,419   7,548   18,335   0,000   0,000   0,000   262,692      
0,50/ 3   3,658   4,740   4,740   49,060   0,766   10,223   67,627   41,613   5,032   12,223   0,000   0,000   0,000   182,427      
0,50/ 4   4,877   6,320   6,320   36,795   0,575   7,667   50,720   31,210   3,774   9,167   0,000   0,000   0,000   144,484      
0,50/ 5   6,096   7,900   7,900   29,436   0,460   6,134   40,576   24,968   3,019   7,334   0,000   0,000   0,000   123,47      
0,50/ 6   7,315   9,480   9,480   24,530   0,383   5,112   33,814   20,806   2,516   6,112   0,000   0,000   0,000   110,92      
0,50/ 7   8,535   11,060   11,060   21,026   0,328   4,381   28,983   17,834   2,157   5,239   0,000   0,000   0,000   103,207      
0,50/ 8   9,754   12,640   12,640   18,397   0,287   3,834   25,360   15,605   1,887   4,584   0,000   0,000   0,000   98,517      
0,50/ 9   10,973   14,220   14,220   16,353   0,255   3,408   22,542   13,871   1,677   4,074   0,000   0,000   0,000   95,842      
0,50/10   12,192   15,799   15,799   14,718   0,230   3,067   20,288   12,484   1,510   3,667   0,000   0,000   0,000   94,577      
0,50/11   13,412   17,379   17,379   13,380   0,209   2,788   18,444   11,349   1,372   3,334   0,000   0,000   0,000   94,34      
0,50/12   14,631   18,959   18,959   12,265   0,192   2,556   16,907   10,403   1,258   3,056   0,000   0,000   0,000   94,872      
0,50/13   15,850   20,539   20,539   11,321   0,177   2,359   15,606   9,603   1,161   2,821   0,000   0,000   0,000   95,994      
0,50/15   18,289   23,699   23,699   9,812   0,153   2,045   13,525   8,323   1,006   2,445   0,000   0,000   0,000   99,545      
0,33/ 1   1,219   1,052   1,052   98,021   2,298   30,670   202,881   124,839   15,097   36,670   0,000   0,000   0,000   462,032      
0,33/ 2   2,438   2,104   2,104   49,011   1,149   15,335   101,441   62,419   7,548   18,335   0,000   0,000   0,000   236,001      
0,33/ 3   3,658   3,157   3,157   32,674   0,766   10,223   67,627   41,613   5,032   12,223   0,000   0,000   0,000   162,875      
0,33/ 4   4,877   4,209   4,209   24,505   0,575   7,667   50,720   31,210   3,774   9,167   0,000   0,000   0,000   127,972      
0,33/ 5   6,096   5,261   5,261   19,604   0,460   6,134   40,576   24,968   3,019   7,334   0,000   0,000   0,000   108,36      
0,33/ 6   7,315   6,313   6,313   16,337   0,383   5,112   33,814   20,806   2,516   6,112   0,000   0,000   0,000   96,393      
0,33/ 7   8,535   7,366   7,366   14,003   0,328   4,381   28,983   17,834   2,157   5,239   0,000   0,000   0,000   88,796      
0,33/ 8   9,754   8,418   8,418   12,253   0,287   3,834   25,360   15,605   1,887   4,584   0,000   0,000   0,000   83,929      
0,33/ 9   10,973   9,470   9,470   10,891   0,255   3,408   22,542   13,871   1,677   4,074   0,000   0,000   0,000   80,88      
0,33/10   12,192   10,522   10,522   9,802   0,230   3,067   20,288   12,484   1,510   3,667   0,000   0,000   0,000   79,107      
0,33/11   13,412   11,575   11,575   8,911   0,209   2,788   18,444   11,349   1,372   3,334   0,000   0,000   0,000   78,263      
0,33/12   14,631   12,627   12,627   8,168   0,192   2,556   16,907   10,403   1,258   3,056   0,000   0,000   0,000   78,111      
0,33/13   15,850   13,679   13,679   7,540   0,177   2,359   15,606   9,603   1,161   2,821   0,000   0,000   0,000   78,493      
0,33/15   18,289   15,784   15,784   6,535   0,153   2,045   13,525   8,323   1,006   2,445   0,000   0,000   0,000   80,438      
0,25/ 1   1,219   0,790   0,790   73,590   2,298   30,670   202,881   124,839   15,097   36,670   0,000   0,000   0,000   437,077      
0,25/ 2   2,438   1,580   1,580   36,795   1,149   15,335   101,441   62,419   7,548   18,335   0,000   0,000   0,000   222,737      
0,25/ 3   3,658   2,370   2,370   24,530   0,766   10,223   67,627   41,613   5,032   12,223   0,000   0,000   0,000   153,157      
0,25/ 4   4,877   3,160   3,160   18,397   0,575   7,667   50,720   31,210   3,774   9,167   0,000   0,000   0,000   119,766      
0,25/ 5   6,096   3,950   3,950   14,718   0,460   6,134   40,576   24,968   3,019   7,334   0,000   0,000   0,000   100,852      
0,25/ 6   7,315   4,740   4,740   12,265   0,383   5,112   33,814   20,806   2,516   6,112   0,000   0,000   0,000   89,175      
0,25/ 7   8,535   5,530   5,530   10,513   0,328   4,381   28,983   17,834   2,157   5,239   0,000   0,000   0,000   81,634      
0,25/ 8   9,754   6,320   6,320   9,199   0,287   3,834   25,360   15,605   1,887   4,584   0,000   0,000   0,000   76,679      
0,25/ 9   10,973   7,110   7,110   8,177   0,255   3,408   22,542   13,871   1,677   4,074   0,000   0,000   0,000   73,446      
0,25/10   12,192   7,900   7,900   7,359   0,230   3,067   20,288   12,484   1,510   3,667   0,000   0,000   0,000   71,42      
0,25/11   13,412   8,690   8,690   6,690   0,209   2,788   18,444   11,349   1,372   3,334   0,000   0,000   0,000   70,272      
0,25/12   14,631   9,480   9,480   6,132   0,192   2,556   16,907   10,403   1,258   3,056   0,000   0,000   0,000   69,781      
0,25/13   15,850   10,270   10,270   5,661   0,177   2,359   15,606   9,603   1,161   2,821   0,000   0,000   0,000   69,796      
0,25/15   18,289   11,850   11,850   4,906   0,153   2,045   13,525   8,323   1,006   2,445   0,000   0,000   0,000   70,941      
0,20/ 1   1,219   0,632   0,632   58,872   2,298   30,670   202,881   124,839   15,097   36,670   0,000   0,000   0,000   422,043      
0,20/ 2   2,438   1,264   1,264   29,436   1,149   15,335   101,441   62,419   7,548   18,335   0,000   0,000   0,000   214,746      
0,20/ 3   3,658   1,896   1,896   19,624   0,766   10,223   67,627   41,613   5,032   12,223   0,000   0,000   0,000   147,303      
0,20/ 4   4,877   2,528   2,528   14,718   0,575   7,667   50,720   31,210   3,774   9,167   0,000   0,000   0,000   114,823      
0,20/ 5   6,096   3,160   3,160   11,774   0,460   6,134   40,576   24,968   3,019   7,334   0,000   0,000   0,000   96,328      
0,20/ 6   7,315   3,792   3,792   9,812   0,383   5,112   33,814   20,806   2,516   6,112   0,000   0,000   0,000   84,826      
0,20/ 7   8,535   4,424   4,424   8,410   0,328   4,381   28,983   17,834   2,157   5,239   0,000   0,000   0,000   77,319      
0,20/ 8   9,754   5,056   5,056   7,359   0,287   3,834   25,360   15,605   1,887   4,584   0,000   0,000   0,000   72,311      
0,20/ 9   10,973   5,688   5,688   6,541   0,255   3,408   22,542   13,871   1,677   4,074   0,000   0,000   0,000   68,966      
0,20/10   12,192   6,320   6,320   5,887   0,230   3,067   20,288   12,484   1,510   3,667   0,000   0,000   0,000   66,788      
0,20/11   13,412   6,952   6,952   5,352   0,209   2,788   18,444   11,349   1,372   3,334   0,000   0,000   0,000   65,458      
0,20/12   14,631   7,584   7,584   4,906   0,192   2,556   16,907   10,403   1,258   3,056   0,000   0,000   0,000   64,763      
0,20/13   15,850   8,216   8,216   4,529   0,177   2,359   15,606   9,603   1,161   2,821   0,000   0,000   0,000   64,556      
0,20/15   18,289   9,480   9,480   3,925   0,153   2,045   13,525   8,323   1,006   2,445   0,000   0,000   0,000   65,22      
0,67/ 1   1,219   2,108   2,108   196,337   2,298   30,670   202,881   124,839   15,097   36,670   0,000   0,000   0,000   562,46      
0,67/ 2   2,438   4,215   4,215   98,168   1,149   15,335   101,441   62,419   7,548   18,335   0,000   0,000   0,000   289,38      
0,67/ 3   3,658   6,323   6,323   65,446   0,766   10,223   67,627   41,613   5,032   12,223   0,000   0,000   0,000   201,979      
0,67/ 4   4,877   8,431   8,431   49,084   0,575   7,667   50,720   31,210   3,774   9,167   0,000   0,000   0,000   160,995      
0,67/ 5   6,096   10,538   10,538   39,267   0,460   6,134   40,576   24,968   3,019   7,334   0,000   0,000   0,000   138,577      
0,67/ 6   7,315   12,646   12,646   32,723   0,383   5,112   33,814   20,806   2,516   6,112   0,000   0,000   0,000   125,445      
0,67/ 7   8,535   14,754   14,754   28,048   0,328   4,381   28,983   17,834   2,157   5,239   0,000   0,000   0,000   117,617      
0,67/ 8   9,754   16,861   16,861   24,542   0,287   3,834   25,360   15,605   1,887   4,584   0,000   0,000   0,000   113,104      
0,67/ 9   10,973   18,969   18,969   21,815   0,255   3,408   22,542   13,871   1,677   4,074   0,000   0,000   0,000   110,802      
0,67/10   12,192   21,077   21,077   19,634   0,230   3,067   20,288   12,484   1,510   3,667   0,000   0,000   0,000   110,049      
0,67/11   13,412   23,184   23,184   17,849   0,209   2,788   18,444   11,349   1,372   3,334   0,000   0,000   0,000   110,419      
0,67/12   14,631   25,292   25,292   16,361   0,192   2,556   16,907   10,403   1,258   3,056   0,000   0,000   0,000   111,634      
0,67/13   15,850   27,399   27,399   15,103   0,177   2,359   15,606   9,603   1,161   2,821   0,000   0,000   0,000   113,496      
0,67/15   18,289   31,615   31,615   13,089   0,153   2,045   13,525   8,323   1,006   2,445   0,000   0,000   0,000   118,654      
0,63/ 1   1,219   1,975   1,975   183,974   2,298   30,670   202,881   124,839   15,097   36,670   0,000   0,000   0,000   549,831      
0,63/ 2   2,438   3,950   3,950   91,987   1,149   15,335   101,441   62,419   7,548   18,335   0,000   0,000   0,000   282,669      
0,63/ 3   3,658   5,925   5,925   61,325   0,766   10,223   67,627   41,613   5,032   12,223   0,000   0,000   0,000   197,062      
0,63/ 4   4,877   7,900   7,900   45,993   0,575   7,667   50,720   31,210   3,774   9,167   0,000   0,000   0,000   156,842      
0,63/ 5   6,096   9,875   9,875   36,795   0,460   6,134   40,576   24,968   3,019   7,334   0,000   0,000   0,000   134,779      
0,63/ 6   7,315   11,850   11,850   30,662   0,383   5,112   33,814   20,806   2,516   6,112   0,000   0,000   0,000   121,792      
0,63/ 7   8,535   13,825   13,825   26,282   0,328   4,381   28,983   17,834   2,157   5,239   0,000   0,000   0,000   113,993      
0,63/ 8   9,754   15,799   15,799   22,997   0,287   3,834   25,360   15,605   1,887   4,584   0,000   0,000   0,000   109,435      
0,63/ 9   10,973   17,774   17,774   20,442   0,255   3,408   22,542   13,871   1,677   4,074   0,000   0,000   0,000   107,039      
0,63/10   12,192   19,749   19,749   18,397   0,230   3,067   20,288   12,484   1,510   3,667   0,000   0,000   0,000   106,156      
0,63/11   13,412   21,724   21,724   16,725   0,209   2,788   18,444   11,349   1,372   3,334   0,000   0,000   0,000   106,375      
0,63/12   14,631   23,699   23,699   15,331   0,192   2,556   16,907   10,403   1,258   3,056   0,000   0,000   0,000   107,418      
0,63/13   15,850   25,674   25,674   14,152   0,177   2,359   15,606   9,603   1,161   2,821   0,000   0,000   0,000   109,095      
0,63/15   18,289   29,624   29,624   12,265   0,153   2,045   13,525   8,323   1,006   2,445   0,000   0,000   0,000   113,848      
0,75/ 1   1,219   2,370   2,370   220,769   2,298   30,670   202,881   124,839   15,097   36,670   0,000   0,000   0,000   587,416      
0,75/ 2   2,438   4,740   4,740   110,384   1,149   15,335   101,441   62,419   7,548   18,335   0,000   0,000   0,000   302,646      
0,75/ 3   3,658   7,110   7,110   73,590   0,766   10,223   67,627   41,613   5,032   12,223   0,000   0,000   0,000   211,697      
0,75/ 4   4,877   9,480   9,480   55,192   0,575   7,667   50,720   31,210   3,774   9,167   0,000   0,000   0,000   169,201      
0,75/ 5   6,096   11,850   11,850   44,154   0,460   6,134   40,576   24,968   3,019   7,334   0,000   0,000   0,000   146,088      
0,75/ 6   7,315   14,220   14,220   36,795   0,383   5,112   33,814   20,806   2,516   6,112   0,000   0,000   0,000   132,665      
0,75/ 7   8,535   16,589   16,589   31,538   0,328   4,381   28,983   17,834   2,157   5,239   0,000   0,000   0,000   124,777      
0,75/ 8   9,754   18,959   18,959   27,596   0,287   3,834   25,360   15,605   1,887   4,584   0,000   0,000   0,000   120,354      
0,75/ 9   10,973   21,329   21,329   24,530   0,255   3,408   22,542   13,871   1,677   4,074   0,000   0,000   0,000   118,237      
0,75/10   12,192   23,699   23,699   22,077   0,230   3,067   20,288   12,484   1,510   3,667   0,000   0,000   0,000   117,736      
0,75/11   13,412   26,069   26,069   20,070   0,209   2,788   18,444   11,349   1,372   3,334   0,000   0,000   0,000   118,41      
0,75/12   14,631   28,439   28,439   18,397   0,192   2,556   16,907   10,403   1,258   3,056   0,000   0,000   0,000   119,964      
0,75/13   15,850   30,809   30,809   16,982   0,177   2,359   15,606   9,603   1,161   2,821   0,000   0,000   0,000   122,195      
0,75/15   18,289   35,549   35,549   14,718   0,153   2,045   13,525   8,323   1,006   2,445   0,000   0,000   0,000   128,151      
0,80/ 1   1,219   2,528   2,528   235,487   2,298   30,670   202,881   124,839   15,097   36,670   0,000   0,000   0,000   602,45      
0,80/ 2   2,438   5,056   5,056   117,743   1,149   15,335   101,441   62,419   7,548   18,335   0,000   0,000   0,000   310,637      
0,80/ 3   3,658   7,584   7,584   78,496   0,766   10,223   67,627   41,613   5,032   12,223   0,000   0,000   0,000   217,551      
0,80/ 4   4,877   10,112   10,112   58,872   0,575   7,667   50,720   31,210   3,774   9,167   0,000   0,000   0,000   174,145      
0,80/ 5   6,096   12,640   12,640   47,097   0,460   6,134   40,576   24,968   3,019   7,334   0,000   0,000   0,000   150,611      
0,80/ 6   7,315   15,168   15,168   39,248   0,383   5,112   33,814   20,806   2,516   6,112   0,000   0,000   0,000   137,014      
0,80/ 7   8,535   17,695   17,695   33,641   0,328   4,381   28,983   17,834   2,157   5,239   0,000   0,000   0,000   129,092      
0,80/ 8   9,754   20,223   20,223   29,436   0,287   3,834   25,360   15,605   1,887   4,584   0,000   0,000   0,000   124,722      
0,80/ 9   10,973   22,751   22,751   26,165   0,255   3,408   22,542   13,871   1,677   4,074   0,000   0,000   0,000   122,716      
0,80/10   12,192   25,279   25,279   23,549   0,230   3,067   20,288   12,484   1,510   3,667   0,000   0,000   0,000   122,368      
0,80/11   13,412   27,807   27,807   21,408   0,209   2,788   18,444   11,349   1,372   3,334   0,000   0,000   0,000   123,224      
0,80/12   14,631   30,335   30,335   19,624   0,192   2,556   16,907   10,403   1,258   3,056   0,000   0,000   0,000   124,983      
0,80/13   15,850   32,863   32,863   18,114   0,177   2,359   15,606   9,603   1,161   2,821   0,000   0,000   0,000   127,435      
0,80/15   18,289   37,919   37,919   15,699   0,153   2,045   13,525   8,323   1,006   2,445   0,000   0,000   0,000   133,872      
                                                
ќптимизационные значени€
ar/ћес€ц   S1   S2   S3   S4   S5   S6   S7   S8   S9   S10   Sдоп1   Sдоп2   Sдоп3   —умма      
0,50/11   13,412   17,379   17,379   13,380   0,209   2,788   18,444   11,349   1,372   3,334   0,000   0,000   0,000   94,34      
0,33/12   14,631   12,627   12,627   8,168   0,192   2,556   16,907   10,403   1,258   3,056   0,000   0,000   0,000   78,111      
0,25/12   14,631   9,480   9,480   6,132   0,192   2,556   16,907   10,403   1,258   3,056   0,000   0,000   0,000   69,781      
0,20/13   15,850   8,216   8,216   4,529   0,177   2,359   15,606   9,603   1,161   2,821   0,000   0,000   0,000   64,556      
0,67/10   12,192   21,077   21,077   19,634   0,230   3,067   20,288   12,484   1,510   3,667   0,000   0,000   0,000   110,049      
0,63/10   12,192   19,749   19,749   18,397   0,230   3,067   20,288   12,484   1,510   3,667   0,000   0,000   0,000   106,156      
0,75/10   12,192   23,699   23,699   22,077   0,230   3,067   20,288   12,484   1,510   3,667   0,000   0,000   0,000   117,736      
0,80/10   12,192   25,279   25,279   23,549   0,230   3,067   20,288   12,484   1,510   3,667   0,000   0,000   0,000   122,368      
                                                
–асчет эффективности
ar/ћес€ц   —уп   Ён   Ёос   Ёоб   Ёс   Ёз   Ёq   Ёобщ      
0,50/11   7,83   0,60   0,02   0,01   0,01   0,00   3,99   73,81      
0,33/13   6,05   0,47   0,02   0,01   0,01   0,00   3,99   91,31      
ƒельта и т.д.
ar/ћес€ц   Smax   —умма   ƒельта Smax-—умма      
0,50/15   127,435   99,545   27,890      
0,33/15   127,435   80,438   46,997      
0,25/15   127,435   70,941   56,494      
0,20/15   127,435   65,22   62,215      
0,67/15   127,435   118,654   8,781      
0,63/15   127,435   113,848   13,587      
0,75/15   127,435   128,151   -0,716      
0,80/15   127,435   133,872   -6,437      
               
