–езультаты расчета
ar/ћес€ц   S1   S2   S3   S4   S5   S6   S7   S8   S9   S10   Sдоп1   Sдоп2   Sдоп3   —умма      
0,50/ 1   1,219   1,264   1,264   147,179   2,298   30,670   202,881   124,839   15,097   36,670   0,000   0,000   0,000   511,614      
0,50/ 2   2,438   2,528   2,528   73,590   1,149   15,335   101,441   62,419   7,548   18,335   0,000   0,000   0,000   261,428      
0,50/ 3   3,658   3,792   3,792   49,060   0,766   10,223   67,627   41,613   5,032   12,223   0,000   0,000   0,000   180,531      
0,50/ 4   4,877   5,056   5,056   36,795   0,575   7,667   50,720   31,210   3,774   9,167   0,000   0,000   0,000   141,956      
0,50/ 5   6,096   6,320   6,320   29,436   0,460   6,134   40,576   24,968   3,019   7,334   0,000   0,000   0,000   120,31      
0,50/ 6   7,315   7,584   7,584   24,530   0,383   5,112   33,814   20,806   2,516   6,112   0,000   0,000   0,000   107,128      
0,50/ 7   8,535   8,848   8,848   21,026   0,328   4,381   28,983   17,834   2,157   5,239   0,000   0,000   0,000   98,783      
0,50/ 8   9,754   10,112   10,112   18,397   0,287   3,834   25,360   15,605   1,887   4,584   0,000   0,000   0,000   93,461      
0,50/ 9   10,973   11,376   11,376   16,353   0,255   3,408   22,542   13,871   1,677   4,074   0,000   0,000   0,000   90,154      
0,50/10   12,192   12,640   12,640   14,718   0,230   3,067   20,288   12,484   1,510   3,667   0,000   0,000   0,000   88,259      
0,50/11   13,412   13,904   13,904   13,380   0,209   2,788   18,444   11,349   1,372   3,334   0,000   0,000   0,000   87,39      
0,50/12   14,631   15,168   15,168   12,265   0,192   2,556   16,907   10,403   1,258   3,056   0,000   0,000   0,000   87,29      
0,50/13   15,850   16,431   16,431   11,321   0,177   2,359   15,606   9,603   1,161   2,821   0,000   0,000   0,000   87,778      
0,50/15   18,289   18,959   18,959   9,812   0,153   2,045   13,525   8,323   1,006   2,445   0,000   0,000   0,000   90,065      
0,33/ 1   1,219   0,842   0,842   98,021   2,298   30,670   202,881   124,839   15,097   36,670   0,000   0,000   0,000   461,612      
0,33/ 2   2,438   1,684   1,684   49,011   1,149   15,335   101,441   62,419   7,548   18,335   0,000   0,000   0,000   235,161      
0,33/ 3   3,658   2,525   2,525   32,674   0,766   10,223   67,627   41,613   5,032   12,223   0,000   0,000   0,000   161,611      
0,33/ 4   4,877   3,367   3,367   24,505   0,575   7,667   50,720   31,210   3,774   9,167   0,000   0,000   0,000   126,288      
0,33/ 5   6,096   4,209   4,209   19,604   0,460   6,134   40,576   24,968   3,019   7,334   0,000   0,000   0,000   106,256      
0,33/ 6   7,315   5,051   5,051   16,337   0,383   5,112   33,814   20,806   2,516   6,112   0,000   0,000   0,000   93,869      
0,33/ 7   8,535   5,893   5,893   14,003   0,328   4,381   28,983   17,834   2,157   5,239   0,000   0,000   0,000   85,85      
0,33/ 8   9,754   6,734   6,734   12,253   0,287   3,834   25,360   15,605   1,887   4,584   0,000   0,000   0,000   80,561      
0,33/ 9   10,973   7,576   7,576   10,891   0,255   3,408   22,542   13,871   1,677   4,074   0,000   0,000   0,000   77,092      
0,33/10   12,192   8,418   8,418   9,802   0,230   3,067   20,288   12,484   1,510   3,667   0,000   0,000   0,000   74,899      
0,33/11   13,412   9,260   9,260   8,911   0,209   2,788   18,444   11,349   1,372   3,334   0,000   0,000   0,000   73,633      
0,33/12   14,631   10,102   10,102   8,168   0,192   2,556   16,907   10,403   1,258   3,056   0,000   0,000   0,000   73,061      
0,33/13   15,850   10,943   10,943   7,540   0,177   2,359   15,606   9,603   1,161   2,821   0,000   0,000   0,000   73,021      
0,33/15   18,289   12,627   12,627   6,535   0,153   2,045   13,525   8,323   1,006   2,445   0,000   0,000   0,000   74,124      
0,25/ 1   1,219   0,632   0,632   73,590   2,298   30,670   202,881   124,839   15,097   36,670   0,000   0,000   0,000   436,761      
0,25/ 2   2,438   1,264   1,264   36,795   1,149   15,335   101,441   62,419   7,548   18,335   0,000   0,000   0,000   222,105      
0,25/ 3   3,658   1,896   1,896   24,530   0,766   10,223   67,627   41,613   5,032   12,223   0,000   0,000   0,000   152,209      
0,25/ 4   4,877   2,528   2,528   18,397   0,575   7,667   50,720   31,210   3,774   9,167   0,000   0,000   0,000   118,502      
0,25/ 5   6,096   3,160   3,160   14,718   0,460   6,134   40,576   24,968   3,019   7,334   0,000   0,000   0,000   99,272      
0,25/ 6   7,315   3,792   3,792   12,265   0,383   5,112   33,814   20,806   2,516   6,112   0,000   0,000   0,000   87,279      
0,25/ 7   8,535   4,424   4,424   10,513   0,328   4,381   28,983   17,834   2,157   5,239   0,000   0,000   0,000   79,422      
0,25/ 8   9,754   5,056   5,056   9,199   0,287   3,834   25,360   15,605   1,887   4,584   0,000   0,000   0,000   74,151      
0,25/ 9   10,973   5,688   5,688   8,177   0,255   3,408   22,542   13,871   1,677   4,074   0,000   0,000   0,000   70,602      
0,25/10   12,192   6,320   6,320   7,359   0,230   3,067   20,288   12,484   1,510   3,667   0,000   0,000   0,000   68,26      
0,25/11   13,412   6,952   6,952   6,690   0,209   2,788   18,444   11,349   1,372   3,334   0,000   0,000   0,000   66,796      
0,25/12   14,631   7,584   7,584   6,132   0,192   2,556   16,907   10,403   1,258   3,056   0,000   0,000   0,000   65,989      
0,25/13   15,850   8,216   8,216   5,661   0,177   2,359   15,606   9,603   1,161   2,821   0,000   0,000   0,000   65,688      
0,25/15   18,289   9,480   9,480   4,906   0,153   2,045   13,525   8,323   1,006   2,445   0,000   0,000   0,000   66,201      
0,20/ 1   1,219   0,506   0,506   58,872   2,298   30,670   202,881   124,839   15,097   36,670   0,000   0,000   0,000   421,791      
0,20/ 2   2,438   1,011   1,011   29,436   1,149   15,335   101,441   62,419   7,548   18,335   0,000   0,000   0,000   214,24      
0,20/ 3   3,658   1,517   1,517   19,624   0,766   10,223   67,627   41,613   5,032   12,223   0,000   0,000   0,000   146,545      
0,20/ 4   4,877   2,022   2,022   14,718   0,575   7,667   50,720   31,210   3,774   9,167   0,000   0,000   0,000   113,811      
0,20/ 5   6,096   2,528   2,528   11,774   0,460   6,134   40,576   24,968   3,019   7,334   0,000   0,000   0,000   95,064      
0,20/ 6   7,315   3,034   3,034   9,812   0,383   5,112   33,814   20,806   2,516   6,112   0,000   0,000   0,000   83,31      
0,20/ 7   8,535   3,539   3,539   8,410   0,328   4,381   28,983   17,834   2,157   5,239   0,000   0,000   0,000   75,549      
0,20/ 8   9,754   4,045   4,045   7,359   0,287   3,834   25,360   15,605   1,887   4,584   0,000   0,000   0,000   70,289      
0,20/ 9   10,973   4,550   4,550   6,541   0,255   3,408   22,542   13,871   1,677   4,074   0,000   0,000   0,000   66,69      
0,20/10   12,192   5,056   5,056   5,887   0,230   3,067   20,288   12,484   1,510   3,667   0,000   0,000   0,000   64,26      
0,20/11   13,412   5,561   5,561   5,352   0,209   2,788   18,444   11,349   1,372   3,334   0,000   0,000   0,000   62,676      
0,20/12   14,631   6,067   6,067   4,906   0,192   2,556   16,907   10,403   1,258   3,056   0,000   0,000   0,000   61,729      
0,20/13   15,850   6,573   6,573   4,529   0,177   2,359   15,606   9,603   1,161   2,821   0,000   0,000   0,000   61,27      
0,20/15   18,289   7,584   7,584   3,925   0,153   2,045   13,525   8,323   1,006   2,445   0,000   0,000   0,000   61,428      
0,67/ 1   1,219   1,686   1,686   196,337   2,298   30,670   202,881   124,839   15,097   36,670   0,000   0,000   0,000   561,616      
0,67/ 2   2,438   3,372   3,372   98,168   1,149   15,335   101,441   62,419   7,548   18,335   0,000   0,000   0,000   287,694      
0,67/ 3   3,658   5,058   5,058   65,446   0,766   10,223   67,627   41,613   5,032   12,223   0,000   0,000   0,000   199,449      
0,67/ 4   4,877   6,744   6,744   49,084   0,575   7,667   50,720   31,210   3,774   9,167   0,000   0,000   0,000   157,621      
0,67/ 5   6,096   8,431   8,431   39,267   0,460   6,134   40,576   24,968   3,019   7,334   0,000   0,000   0,000   134,363      
0,67/ 6   7,315   10,117   10,117   32,723   0,383   5,112   33,814   20,806   2,516   6,112   0,000   0,000   0,000   120,387      
0,67/ 7   8,535   11,803   11,803   28,048   0,328   4,381   28,983   17,834   2,157   5,239   0,000   0,000   0,000   111,715      
0,67/ 8   9,754   13,489   13,489   24,542   0,287   3,834   25,360   15,605   1,887   4,584   0,000   0,000   0,000   106,36      
0,67/ 9   10,973   15,175   15,175   21,815   0,255   3,408   22,542   13,871   1,677   4,074   0,000   0,000   0,000   103,214      
0,67/10   12,192   16,861   16,861   19,634   0,230   3,067   20,288   12,484   1,510   3,667   0,000   0,000   0,000   101,617      
0,67/11   13,412   18,547   18,547   17,849   0,209   2,788   18,444   11,349   1,372   3,334   0,000   0,000   0,000   101,145      
0,67/12   14,631   20,233   20,233   16,361   0,192   2,556   16,907   10,403   1,258   3,056   0,000   0,000   0,000   101,516      
0,67/13   15,850   21,920   21,920   15,103   0,177   2,359   15,606   9,603   1,161   2,821   0,000   0,000   0,000   102,538      
0,67/15   18,289   25,292   25,292   13,089   0,153   2,045   13,525   8,323   1,006   2,445   0,000   0,000   0,000   106,008      
0,63/ 1   1,219   1,580   1,580   183,974   2,298   30,670   202,881   124,839   15,097   36,670   0,000   0,000   0,000   549,041      
0,63/ 2   2,438   3,160   3,160   91,987   1,149   15,335   101,441   62,419   7,548   18,335   0,000   0,000   0,000   281,089      
0,63/ 3   3,658   4,740   4,740   61,325   0,766   10,223   67,627   41,613   5,032   12,223   0,000   0,000   0,000   194,692      
0,63/ 4   4,877   6,320   6,320   45,993   0,575   7,667   50,720   31,210   3,774   9,167   0,000   0,000   0,000   153,682      
0,63/ 5   6,096   7,900   7,900   36,795   0,460   6,134   40,576   24,968   3,019   7,334   0,000   0,000   0,000   130,829      
0,63/ 6   7,315   9,480   9,480   30,662   0,383   5,112   33,814   20,806   2,516   6,112   0,000   0,000   0,000   117,052      
0,63/ 7   8,535   11,060   11,060   26,282   0,328   4,381   28,983   17,834   2,157   5,239   0,000   0,000   0,000   108,463      
0,63/ 8   9,754   12,640   12,640   22,997   0,287   3,834   25,360   15,605   1,887   4,584   0,000   0,000   0,000   103,117      
0,63/ 9   10,973   14,220   14,220   20,442   0,255   3,408   22,542   13,871   1,677   4,074   0,000   0,000   0,000   99,931      
0,63/10   12,192   15,799   15,799   18,397   0,230   3,067   20,288   12,484   1,510   3,667   0,000   0,000   0,000   98,256      
0,63/11   13,412   17,379   17,379   16,725   0,209   2,788   18,444   11,349   1,372   3,334   0,000   0,000   0,000   97,685      
0,63/12   14,631   18,959   18,959   15,331   0,192   2,556   16,907   10,403   1,258   3,056   0,000   0,000   0,000   97,938      
0,63/13   15,850   20,539   20,539   14,152   0,177   2,359   15,606   9,603   1,161   2,821   0,000   0,000   0,000   98,825      
0,63/15   18,289   23,699   23,699   12,265   0,153   2,045   13,525   8,323   1,006   2,445   0,000   0,000   0,000   101,998      
0,75/ 1   1,219   1,896   1,896   220,769   2,298   30,670   202,881   124,839   15,097   36,670   0,000   0,000   0,000   586,468      
0,75/ 2   2,438   3,792   3,792   110,384   1,149   15,335   101,441   62,419   7,548   18,335   0,000   0,000   0,000   300,75      
0,75/ 3   3,658   5,688   5,688   73,590   0,766   10,223   67,627   41,613   5,032   12,223   0,000   0,000   0,000   208,853      
0,75/ 4   4,877   7,584   7,584   55,192   0,575   7,667   50,720   31,210   3,774   9,167   0,000   0,000   0,000   165,409      
0,75/ 5   6,096   9,480   9,480   44,154   0,460   6,134   40,576   24,968   3,019   7,334   0,000   0,000   0,000   141,348      
0,75/ 6   7,315   11,376   11,376   36,795   0,383   5,112   33,814   20,806   2,516   6,112   0,000   0,000   0,000   126,977      
0,75/ 7   8,535   13,272   13,272   31,538   0,328   4,381   28,983   17,834   2,157   5,239   0,000   0,000   0,000   118,143      
0,75/ 8   9,754   15,168   15,168   27,596   0,287   3,834   25,360   15,605   1,887   4,584   0,000   0,000   0,000   112,772      
0,75/ 9   10,973   17,063   17,063   24,530   0,255   3,408   22,542   13,871   1,677   4,074   0,000   0,000   0,000   109,705      
0,75/10   12,192   18,959   18,959   22,077   0,230   3,067   20,288   12,484   1,510   3,667   0,000   0,000   0,000   108,256      
0,75/11   13,412   20,855   20,855   20,070   0,209   2,788   18,444   11,349   1,372   3,334   0,000   0,000   0,000   107,982      
0,75/12   14,631   22,751   22,751   18,397   0,192   2,556   16,907   10,403   1,258   3,056   0,000   0,000   0,000   108,588      
0,75/13   15,850   24,647   24,647   16,982   0,177   2,359   15,606   9,603   1,161   2,821   0,000   0,000   0,000   109,871      
0,75/15   18,289   28,439   28,439   14,718   0,153   2,045   13,525   8,323   1,006   2,445   0,000   0,000   0,000   113,931      
0,80/ 1   1,219   2,022   2,022   235,487   2,298   30,670   202,881   124,839   15,097   36,670   0,000   0,000   0,000   601,438      
0,80/ 2   2,438   4,045   4,045   117,743   1,149   15,335   101,441   62,419   7,548   18,335   0,000   0,000   0,000   308,615      
0,80/ 3   3,658   6,067   6,067   78,496   0,766   10,223   67,627   41,613   5,032   12,223   0,000   0,000   0,000   214,517      
0,80/ 4   4,877   8,089   8,089   58,872   0,575   7,667   50,720   31,210   3,774   9,167   0,000   0,000   0,000   170,099      
0,80/ 5   6,096   10,112   10,112   47,097   0,460   6,134   40,576   24,968   3,019   7,334   0,000   0,000   0,000   145,555      
0,80/ 6   7,315   12,134   12,134   39,248   0,383   5,112   33,814   20,806   2,516   6,112   0,000   0,000   0,000   130,946      
0,80/ 7   8,535   14,156   14,156   33,641   0,328   4,381   28,983   17,834   2,157   5,239   0,000   0,000   0,000   122,014      
0,80/ 8   9,754   16,179   16,179   29,436   0,287   3,834   25,360   15,605   1,887   4,584   0,000   0,000   0,000   116,634      
0,80/ 9   10,973   18,201   18,201   26,165   0,255   3,408   22,542   13,871   1,677   4,074   0,000   0,000   0,000   113,616      
0,80/10   12,192   20,223   20,223   23,549   0,230   3,067   20,288   12,484   1,510   3,667   0,000   0,000   0,000   112,256      
0,80/11   13,412   22,246   22,246   21,408   0,209   2,788   18,444   11,349   1,372   3,334   0,000   0,000   0,000   112,102      
0,80/12   14,631   24,268   24,268   19,624   0,192   2,556   16,907   10,403   1,258   3,056   0,000   0,000   0,000   112,849      
0,80/13   15,850   26,290   26,290   18,114   0,177   2,359   15,606   9,603   1,161   2,821   0,000   0,000   0,000   114,289      
0,80/15   18,289   30,335   30,335   15,699   0,153   2,045   13,525   8,323   1,006   2,445   0,000   0,000   0,000   118,704      
                                                
ќптимизационные значени€
ar/ћес€ц   S1   S2   S3   S4   S5   S6   S7   S8   S9   S10   Sдоп1   Sдоп2   Sдоп3   —умма      
0,50/12   14,631   15,168   15,168   12,265   0,192   2,556   16,907   10,403   1,258   3,056   0,000   0,000   0,000   87,29      
0,33/13   15,850   10,943   10,943   7,540   0,177   2,359   15,606   9,603   1,161   2,821   0,000   0,000   0,000   73,021      
0,25/13   15,850   8,216   8,216   5,661   0,177   2,359   15,606   9,603   1,161   2,821   0,000   0,000   0,000   65,688      
0,20/13   15,850   6,573   6,573   4,529   0,177   2,359   15,606   9,603   1,161   2,821   0,000   0,000   0,000   61,27      
0,67/11   13,412   18,547   18,547   17,849   0,209   2,788   18,444   11,349   1,372   3,334   0,000   0,000   0,000   101,145      
0,63/11   13,412   17,379   17,379   16,725   0,209   2,788   18,444   11,349   1,372   3,334   0,000   0,000   0,000   97,685      
0,75/11   13,412   20,855   20,855   20,070   0,209   2,788   18,444   11,349   1,372   3,334   0,000   0,000   0,000   107,982      
0,80/11   13,412   22,246   22,246   21,408   0,209   2,788   18,444   11,349   1,372   3,334   0,000   0,000   0,000   112,102      
                                                
–асчет эффективности
ar/ћес€ц   —уп   Ён   Ёос   Ёоб   Ёс   Ёз   Ёq   Ёобщ      
0,50/12   5,14   0,40   0,02   0,01   0,01   0,00   3,99   91,31      
0,33/13   6,05   0,47   0,02   0,01   0,01   0,00   3,99   91,31      
0,25/13   6,60   0,51   0,02   0,01   0,01   0,00   3,99   91,31      
                              
ƒельта и т.д.
ar/ћес€ц   Smax   —умма   ƒельта Smax-—умма      
0,50/15   114,289   90,065   24,224      
0,33/15   114,289   74,124   40,165      
0,25/15   114,289   66,201   48,088      
0,20/15   114,289   61,428   52,861      
0,67/15   114,289   106,008   8,281      
0,63/15   114,289   101,998   12,291      
0,75/15   114,289   113,931   0,358      
0,80/15   114,289   118,704   -4,415      
               
