–езультаты расчета
ar/ћес€ц   S1   S2   S3   S4   S5   S6   S7   S8   S9   S10   Sдоп1   Sдоп2   Sдоп3   —умма      
0,50/ 1   1,219   3,403   3,403   708,108   7,714   30,670   680,949   268,901   32,518   78,987   0,000   0,000   0,000   1704,367      
0,50/ 2   2,439   6,806   6,806   354,054   3,857   15,335   340,475   134,451   16,259   39,493   0,000   0,000   0,000   864,223      
0,50/ 3   3,658   10,210   10,210   236,036   2,571   10,223   226,983   89,634   10,839   26,329   0,000   0,000   0,000   589,525      
0,50/ 4   4,877   13,613   13,613   177,027   1,928   7,667   170,237   67,225   8,130   19,747   0,000   0,000   0,000   456,187      
0,50/ 5   6,097   17,016   17,016   141,622   1,543   6,134   136,190   53,780   6,504   15,797   0,000   0,000   0,000   379,398      
0,50/ 6   7,316   20,419   20,419   118,018   1,286   5,112   113,492   44,817   5,420   13,164   0,000   0,000   0,000   330,879      
0,50/ 7   8,535   23,822   23,822   101,158   1,102   4,381   97,278   38,414   4,645   11,284   0,000   0,000   0,000   298,512      
0,50/ 8   9,755   27,226   27,226   88,513   0,964   3,834   85,119   33,613   4,065   9,873   0,000   0,000   0,000   276,25      
0,50/ 9   10,974   30,629   30,629   78,679   0,857   3,408   75,661   29,878   3,613   8,776   0,000   0,000   0,000   260,715      
0,50/10   12,193   34,032   34,032   70,811   0,771   3,067   68,095   26,890   3,252   7,899   0,000   0,000   0,000   249,891      
0,50/11   13,412   37,435   37,435   64,373   0,701   2,788   61,904   24,446   2,956   7,181   0,000   0,000   0,000   242,494      
0,50/12   14,632   40,838   40,838   59,009   0,643   2,556   56,746   22,408   2,710   6,582   0,000   0,000   0,000   237,67      
0,50/13   15,851   44,242   44,242   54,470   0,593   2,359   52,381   20,685   2,501   6,076   0,000   0,000   0,000   234,823      
0,50/14   17,070   47,645   47,645   50,579   0,551   2,191   48,639   19,207   2,323   5,642   0,000   0,000   0,000   233,527      
0,50/15   18,290   51,048   51,048   47,207   0,514   2,045   45,397   17,927   2,168   5,266   0,000   0,000   0,000   233,476      
0,50/16   19,509   54,451   54,451   44,257   0,482   1,917   42,559   16,806   2,032   4,937   0,000   0,000   0,000   234,432      
0,50/17   20,728   57,854   57,854   41,653   0,454   1,804   40,056   15,818   1,913   4,646   0,000   0,000   0,000   236,221      
0,50/18   21,948   61,258   61,258   39,339   0,429   1,704   37,831   14,939   1,807   4,388   0,000   0,000   0,000   238,706      
0,50/19   23,167   64,661   64,661   37,269   0,406   1,614   35,839   14,153   1,711   4,157   0,000   0,000   0,000   241,77      
0,50/20   24,386   68,064   68,064   35,405   0,386   1,533   34,047   13,445   1,626   3,949   0,000   0,000   0,000   245,33      
0,50/21   25,606   71,467   71,467   33,719   0,367   1,460   32,426   12,805   1,548   3,761   0,000   0,000   0,000   249,317      
0,50/22   26,825   74,870   74,870   32,187   0,351   1,394   30,952   12,223   1,478   3,590   0,000   0,000   0,000   253,672      
0,50/23   28,044   78,274   78,274   30,787   0,335   1,333   29,606   11,691   1,414   3,434   0,000   0,000   0,000   258,344      
0,50/24   29,264   81,677   81,677   29,504   0,321   1,278   28,373   11,204   1,355   3,291   0,000   0,000   0,000   263,298      
0,50/25   30,483   85,080   85,080   28,324   0,309   1,227   27,238   10,756   1,301   3,159   0,000   0,000   0,000   268,497      
0,50/26   31,702   88,483   88,483   27,235   0,297   1,180   26,190   10,342   1,251   3,038   0,000   0,000   0,000   273,912      
0,50/27   32,922   91,886   91,886   26,226   0,286   1,136   25,220   9,959   1,204   2,925   0,000   0,000   0,000   279,521      
0,50/28   34,141   95,290   95,290   25,290   0,275   1,095   24,320   9,604   1,161   2,821   0,000   0,000   0,000   285,305      
0,33/ 1   1,219   2,267   2,267   471,600   7,714   30,670   680,949   268,901   32,518   78,987   0,000   0,000   0,000   1465,587      
0,33/ 2   2,439   4,533   4,533   235,800   3,857   15,335   340,475   134,451   16,259   39,493   0,000   0,000   0,000   741,423      
0,33/ 3   3,658   6,800   6,800   157,200   2,571   10,223   226,983   89,634   10,839   26,329   0,000   0,000   0,000   503,869      
0,33/ 4   4,877   9,066   9,066   117,900   1,928   7,667   170,237   67,225   8,130   19,747   0,000   0,000   0,000   387,966      
0,33/ 5   6,097   11,333   11,333   94,320   1,543   6,134   136,190   53,780   6,504   15,797   0,000   0,000   0,000   320,73      
0,33/ 6   7,316   13,599   13,599   78,600   1,286   5,112   113,492   44,817   5,420   13,164   0,000   0,000   0,000   277,821      
0,33/ 7   8,535   15,866   15,866   67,371   1,102   4,381   97,278   38,414   4,645   11,284   0,000   0,000   0,000   248,813      
0,33/ 8   9,755   18,132   18,132   58,950   0,964   3,834   85,119   33,613   4,065   9,873   0,000   0,000   0,000   228,499      
0,33/ 9   10,974   20,399   20,399   52,400   0,857   3,408   75,661   29,878   3,613   8,776   0,000   0,000   0,000   213,976      
0,33/10   12,193   22,665   22,665   47,160   0,771   3,067   68,095   26,890   3,252   7,899   0,000   0,000   0,000   203,506      
0,33/11   13,412   24,932   24,932   42,873   0,701   2,788   61,904   24,446   2,956   7,181   0,000   0,000   0,000   195,988      
0,33/12   14,632   27,198   27,198   39,300   0,643   2,556   56,746   22,408   2,710   6,582   0,000   0,000   0,000   190,681      
0,33/13   15,851   29,465   29,465   36,277   0,593   2,359   52,381   20,685   2,501   6,076   0,000   0,000   0,000   187,076      
0,33/14   17,070   31,731   31,731   33,686   0,551   2,191   48,639   19,207   2,323   5,642   0,000   0,000   0,000   184,806      
0,33/15   18,290   33,998   33,998   31,440   0,514   2,045   45,397   17,927   2,168   5,266   0,000   0,000   0,000   183,609      
0,33/16   19,509   36,264   36,264   29,475   0,482   1,917   42,559   16,806   2,032   4,937   0,000   0,000   0,000   183,276      
0,33/17   20,728   38,531   38,531   27,741   0,454   1,804   40,056   15,818   1,913   4,646   0,000   0,000   0,000   183,663      
0,33/18   21,948   40,798   40,798   26,200   0,429   1,704   37,831   14,939   1,807   4,388   0,000   0,000   0,000   184,647      
0,33/19   23,167   43,064   43,064   24,821   0,406   1,614   35,839   14,153   1,711   4,157   0,000   0,000   0,000   186,128      
0,33/20   24,386   45,331   45,331   23,580   0,386   1,533   34,047   13,445   1,626   3,949   0,000   0,000   0,000   188,039      
0,33/21   25,606   47,597   47,597   22,457   0,367   1,460   32,426   12,805   1,548   3,761   0,000   0,000   0,000   190,315      
0,33/22   26,825   49,864   49,864   21,436   0,351   1,394   30,952   12,223   1,478   3,590   0,000   0,000   0,000   192,909      
0,33/23   28,044   52,130   52,130   20,504   0,335   1,333   29,606   11,691   1,414   3,434   0,000   0,000   0,000   195,773      
0,33/24   29,264   54,397   54,397   19,650   0,321   1,278   28,373   11,204   1,355   3,291   0,000   0,000   0,000   198,884      
0,33/25   30,483   56,663   56,663   18,864   0,309   1,227   27,238   10,756   1,301   3,159   0,000   0,000   0,000   202,203      
0,33/26   31,702   58,930   58,930   18,138   0,297   1,180   26,190   10,342   1,251   3,038   0,000   0,000   0,000   205,709      
0,33/27   32,922   61,196   61,196   17,467   0,286   1,136   25,220   9,959   1,204   2,925   0,000   0,000   0,000   209,382      
0,33/28   34,141   63,463   63,463   16,843   0,275   1,095   24,320   9,604   1,161   2,821   0,000   0,000   0,000   213,204      
0,25/ 1   1,219   1,702   1,702   354,054   7,714   30,670   680,949   268,901   32,518   78,987   0,000   0,000   0,000   1346,911      
0,25/ 2   2,439   3,403   3,403   177,027   3,857   15,335   340,475   134,451   16,259   39,493   0,000   0,000   0,000   680,39      
0,25/ 3   3,658   5,105   5,105   118,018   2,571   10,223   226,983   89,634   10,839   26,329   0,000   0,000   0,000   461,297      
0,25/ 4   4,877   6,806   6,806   88,513   1,928   7,667   170,237   67,225   8,130   19,747   0,000   0,000   0,000   354,059      
0,25/ 5   6,097   8,508   8,508   70,811   1,543   6,134   136,190   53,780   6,504   15,797   0,000   0,000   0,000   291,571      
0,25/ 6   7,316   10,210   10,210   59,009   1,286   5,112   113,492   44,817   5,420   13,164   0,000   0,000   0,000   251,452      
0,25/ 7   8,535   11,911   11,911   50,579   1,102   4,381   97,278   38,414   4,645   11,284   0,000   0,000   0,000   224,111      
0,25/ 8   9,755   13,613   13,613   44,257   0,964   3,834   85,119   33,613   4,065   9,873   0,000   0,000   0,000   204,768      
0,25/ 9   10,974   15,314   15,314   39,339   0,857   3,408   75,661   29,878   3,613   8,776   0,000   0,000   0,000   190,745      
0,25/10   12,193   17,016   17,016   35,405   0,771   3,067   68,095   26,890   3,252   7,899   0,000   0,000   0,000   180,453      
0,25/11   13,412   18,718   18,718   32,187   0,701   2,788   61,904   24,446   2,956   7,181   0,000   0,000   0,000   172,874      
0,25/12   14,632   20,419   20,419   29,504   0,643   2,556   56,746   22,408   2,710   6,582   0,000   0,000   0,000   167,327      
0,25/13   15,851   22,121   22,121   27,235   0,593   2,359   52,381   20,685   2,501   6,076   0,000   0,000   0,000   163,346      
0,25/14   17,070   23,822   23,822   25,290   0,551   2,191   48,639   19,207   2,323   5,642   0,000   0,000   0,000   160,592      
0,25/15   18,290   25,524   25,524   23,604   0,514   2,045   45,397   17,927   2,168   5,266   0,000   0,000   0,000   158,825      
0,25/16   19,509   27,226   27,226   22,128   0,482   1,917   42,559   16,806   2,032   4,937   0,000   0,000   0,000   157,853      
0,25/17   20,728   28,927   28,927   20,827   0,454   1,804   40,056   15,818   1,913   4,646   0,000   0,000   0,000   157,541      
0,25/18   21,948   30,629   30,629   19,670   0,429   1,704   37,831   14,939   1,807   4,388   0,000   0,000   0,000   157,779      
0,25/19   23,167   32,330   32,330   18,634   0,406   1,614   35,839   14,153   1,711   4,157   0,000   0,000   0,000   158,473      
0,25/20   24,386   34,032   34,032   17,703   0,386   1,533   34,047   13,445   1,626   3,949   0,000   0,000   0,000   159,564      
0,25/21   25,606   35,734   35,734   16,860   0,367   1,460   32,426   12,805   1,548   3,761   0,000   0,000   0,000   160,992      
0,25/22   26,825   37,435   37,435   16,093   0,351   1,394   30,952   12,223   1,478   3,590   0,000   0,000   0,000   162,708      
0,25/23   28,044   39,137   39,137   15,394   0,335   1,333   29,606   11,691   1,414   3,434   0,000   0,000   0,000   164,677      
0,25/24   29,264   40,838   40,838   14,752   0,321   1,278   28,373   11,204   1,355   3,291   0,000   0,000   0,000   166,868      
0,25/25   30,483   42,540   42,540   14,162   0,309   1,227   27,238   10,756   1,301   3,159   0,000   0,000   0,000   169,255      
0,25/26   31,702   44,242   44,242   13,617   0,297   1,180   26,190   10,342   1,251   3,038   0,000   0,000   0,000   171,812      
0,25/27   32,922   45,943   45,943   13,113   0,286   1,136   25,220   9,959   1,204   2,925   0,000   0,000   0,000   174,522      
0,25/28   34,141   47,645   47,645   12,645   0,275   1,095   24,320   9,604   1,161   2,821   0,000   0,000   0,000   177,37      
0,20/ 1   1,219   1,361   1,361   283,243   7,714   30,670   680,949   268,901   32,518   78,987   0,000   0,000   0,000   1275,418      
0,20/ 2   2,439   2,723   2,723   141,622   3,857   15,335   340,475   134,451   16,259   39,493   0,000   0,000   0,000   643,625      
0,20/ 3   3,658   4,084   4,084   94,414   2,571   10,223   226,983   89,634   10,839   26,329   0,000   0,000   0,000   435,651      
0,20/ 4   4,877   5,445   5,445   70,811   1,928   7,667   170,237   67,225   8,130   19,747   0,000   0,000   0,000   333,635      
0,20/ 5   6,097   6,806   6,806   56,649   1,543   6,134   136,190   53,780   6,504   15,797   0,000   0,000   0,000   274,005      
0,20/ 6   7,316   8,168   8,168   47,207   1,286   5,112   113,492   44,817   5,420   13,164   0,000   0,000   0,000   235,566      
0,20/ 7   8,535   9,529   9,529   40,463   1,102   4,381   97,278   38,414   4,645   11,284   0,000   0,000   0,000   209,231      
0,20/ 8   9,755   10,890   10,890   35,405   0,964   3,834   85,119   33,613   4,065   9,873   0,000   0,000   0,000   190,47      
0,20/ 9   10,974   12,252   12,252   31,471   0,857   3,408   75,661   29,878   3,613   8,776   0,000   0,000   0,000   176,753      
0,20/10   12,193   13,613   13,613   28,324   0,771   3,067   68,095   26,890   3,252   7,899   0,000   0,000   0,000   166,566      
0,20/11   13,412   14,974   14,974   25,749   0,701   2,788   61,904   24,446   2,956   7,181   0,000   0,000   0,000   158,948      
0,20/12   14,632   16,335   16,335   23,604   0,643   2,556   56,746   22,408   2,710   6,582   0,000   0,000   0,000   153,259      
0,20/13   15,851   17,697   17,697   21,788   0,593   2,359   52,381   20,685   2,501   6,076   0,000   0,000   0,000   149,051      
0,20/14   17,070   19,058   19,058   20,232   0,551   2,191   48,639   19,207   2,323   5,642   0,000   0,000   0,000   146,006      
0,20/15   18,290   20,419   20,419   18,883   0,514   2,045   45,397   17,927   2,168   5,266   0,000   0,000   0,000   143,894      
0,20/16   19,509   21,780   21,780   17,703   0,482   1,917   42,559   16,806   2,032   4,937   0,000   0,000   0,000   142,536      
0,20/17   20,728   23,142   23,142   16,661   0,454   1,804   40,056   15,818   1,913   4,646   0,000   0,000   0,000   141,805      
0,20/18   21,948   24,503   24,503   15,736   0,429   1,704   37,831   14,939   1,807   4,388   0,000   0,000   0,000   141,593      
0,20/19   23,167   25,864   25,864   14,908   0,406   1,614   35,839   14,153   1,711   4,157   0,000   0,000   0,000   141,815      
0,20/20   24,386   27,226   27,226   14,162   0,386   1,533   34,047   13,445   1,626   3,949   0,000   0,000   0,000   142,411      
0,20/21   25,606   28,587   28,587   13,488   0,367   1,460   32,426   12,805   1,548   3,761   0,000   0,000   0,000   143,326      
0,20/22   26,825   29,948   29,948   12,875   0,351   1,394   30,952   12,223   1,478   3,590   0,000   0,000   0,000   144,516      
0,20/23   28,044   31,309   31,309   12,315   0,335   1,333   29,606   11,691   1,414   3,434   0,000   0,000   0,000   145,942      
0,20/24   29,264   32,671   32,671   11,802   0,321   1,278   28,373   11,204   1,355   3,291   0,000   0,000   0,000   147,584      
0,20/25   30,483   34,032   34,032   11,330   0,309   1,227   27,238   10,756   1,301   3,159   0,000   0,000   0,000   149,407      
0,20/26   31,702   35,393   35,393   10,894   0,297   1,180   26,190   10,342   1,251   3,038   0,000   0,000   0,000   151,391      
0,20/27   32,922   36,755   36,755   10,490   0,286   1,136   25,220   9,959   1,204   2,925   0,000   0,000   0,000   153,523      
0,20/28   34,141   38,116   38,116   10,116   0,275   1,095   24,320   9,604   1,161   2,821   0,000   0,000   0,000   155,783      
0,67/ 1   1,219   4,540   4,540   944,616   7,714   30,670   680,949   268,901   32,518   78,987   0,000   0,000   0,000   1943,149      
0,67/ 2   2,439   9,080   9,080   472,308   3,857   15,335   340,475   134,451   16,259   39,493   0,000   0,000   0,000   987,025      
0,67/ 3   3,658   13,620   13,620   314,872   2,571   10,223   226,983   89,634   10,839   26,329   0,000   0,000   0,000   675,181      
0,67/ 4   4,877   18,159   18,159   236,154   1,928   7,667   170,237   67,225   8,130   19,747   0,000   0,000   0,000   524,406      
0,67/ 5   6,097   22,699   22,699   188,923   1,543   6,134   136,190   53,780   6,504   15,797   0,000   0,000   0,000   438,065      
0,67/ 6   7,316   27,239   27,239   157,436   1,286   5,112   113,492   44,817   5,420   13,164   0,000   0,000   0,000   383,937      
0,67/ 7   8,535   31,779   31,779   134,945   1,102   4,381   97,278   38,414   4,645   11,284   0,000   0,000   0,000   348,213      
0,67/ 8   9,755   36,319   36,319   118,077   0,964   3,834   85,119   33,613   4,065   9,873   0,000   0,000   0,000   324      
0,67/ 9   10,974   40,859   40,859   104,957   0,857   3,408   75,661   29,878   3,613   8,776   0,000   0,000   0,000   307,453      
0,67/10   12,193   45,399   45,399   94,462   0,771   3,067   68,095   26,890   3,252   7,899   0,000   0,000   0,000   296,276      
0,67/11   13,412   49,939   49,939   85,874   0,701   2,788   61,904   24,446   2,956   7,181   0,000   0,000   0,000   289,003      
0,67/12   14,632   54,478   54,478   78,718   0,643   2,556   56,746   22,408   2,710   6,582   0,000   0,000   0,000   284,659      
0,67/13   15,851   59,018   59,018   72,663   0,593   2,359   52,381   20,685   2,501   6,076   0,000   0,000   0,000   282,568      
0,67/14   17,070   63,558   63,558   67,473   0,551   2,191   48,639   19,207   2,323   5,642   0,000   0,000   0,000   282,247      
0,67/15   18,290   68,098   68,098   62,974   0,514   2,045   45,397   17,927   2,168   5,266   0,000   0,000   0,000   283,343      
0,67/16   19,509   72,638   72,638   59,038   0,482   1,917   42,559   16,806   2,032   4,937   0,000   0,000   0,000   285,587      
0,67/17   20,728   77,178   77,178   55,566   0,454   1,804   40,056   15,818   1,913   4,646   0,000   0,000   0,000   288,782      
0,67/18   21,948   81,718   81,718   52,479   0,429   1,704   37,831   14,939   1,807   4,388   0,000   0,000   0,000   292,766      
0,67/19   23,167   86,258   86,258   49,717   0,406   1,614   35,839   14,153   1,711   4,157   0,000   0,000   0,000   297,412      
0,67/20   24,386   90,797   90,797   47,231   0,386   1,533   34,047   13,445   1,626   3,949   0,000   0,000   0,000   302,622      
0,67/21   25,606   95,337   95,337   44,982   0,367   1,460   32,426   12,805   1,548   3,761   0,000   0,000   0,000   308,32      
0,67/22   26,825   99,877   99,877   42,937   0,351   1,394   30,952   12,223   1,478   3,590   0,000   0,000   0,000   314,436      
0,67/23   28,044   104,417   104,417   41,070   0,335   1,333   29,606   11,691   1,414   3,434   0,000   0,000   0,000   320,913      
0,67/24   29,264   108,957   108,957   39,359   0,321   1,278   28,373   11,204   1,355   3,291   0,000   0,000   0,000   327,713      
0,67/25   30,483   113,497   113,497   37,785   0,309   1,227   27,238   10,756   1,301   3,159   0,000   0,000   0,000   334,792      
0,67/26   31,702   118,037   118,037   36,331   0,297   1,180   26,190   10,342   1,251   3,038   0,000   0,000   0,000   342,116      
0,67/27   32,922   122,576   122,576   34,986   0,286   1,136   25,220   9,959   1,204   2,925   0,000   0,000   0,000   349,661      
0,67/28   34,141   127,116   127,116   33,736   0,275   1,095   24,320   9,604   1,161   2,821   0,000   0,000   0,000   357,403      
0,63/ 1   1,219   4,254   4,254   885,135   7,714   30,670   680,949   268,901   32,518   78,987   0,000   0,000   0,000   1883,096      
0,63/ 2   2,439   8,508   8,508   442,567   3,857   15,335   340,475   134,451   16,259   39,493   0,000   0,000   0,000   956,14      
0,63/ 3   3,658   12,762   12,762   295,045   2,571   10,223   226,983   89,634   10,839   26,329   0,000   0,000   0,000   653,638      
0,63/ 4   4,877   17,016   17,016   221,284   1,928   7,667   170,237   67,225   8,130   19,747   0,000   0,000   0,000   507,25      
0,63/ 5   6,097   21,270   21,270   177,027   1,543   6,134   136,190   53,780   6,504   15,797   0,000   0,000   0,000   423,311      
0,63/ 6   7,316   25,524   25,524   147,522   1,286   5,112   113,492   44,817   5,420   13,164   0,000   0,000   0,000   370,593      
0,63/ 7   8,535   29,778   29,778   126,448   1,102   4,381   97,278   38,414   4,645   11,284   0,000   0,000   0,000   335,714      
0,63/ 8   9,755   34,032   34,032   110,642   0,964   3,834   85,119   33,613   4,065   9,873   0,000   0,000   0,000   311,991      
0,63/ 9   10,974   38,286   38,286   98,348   0,857   3,408   75,661   29,878   3,613   8,776   0,000   0,000   0,000   295,698      
0,63/10   12,193   42,540   42,540   88,513   0,771   3,067   68,095   26,890   3,252   7,899   0,000   0,000   0,000   284,609      
0,63/11   13,412   46,794   46,794   80,467   0,701   2,788   61,904   24,446   2,956   7,181   0,000   0,000   0,000   277,306      
0,63/12   14,632   51,048   51,048   73,761   0,643   2,556   56,746   22,408   2,710   6,582   0,000   0,000   0,000   272,842      
0,63/13   15,851   55,302   55,302   68,087   0,593   2,359   52,381   20,685   2,501   6,076   0,000   0,000   0,000   270,56      
0,63/14   17,070   59,556   59,556   63,224   0,551   2,191   48,639   19,207   2,323   5,642   0,000   0,000   0,000   269,994      
0,63/15   18,290   63,810   63,810   59,009   0,514   2,045   45,397   17,927   2,168   5,266   0,000   0,000   0,000   270,802      
0,63/16   19,509   68,064   68,064   55,321   0,482   1,917   42,559   16,806   2,032   4,937   0,000   0,000   0,000   272,722      
0,63/17   20,728   72,318   72,318   52,067   0,454   1,804   40,056   15,818   1,913   4,646   0,000   0,000   0,000   275,563      
0,63/18   21,948   76,572   76,572   49,174   0,429   1,704   37,831   14,939   1,807   4,388   0,000   0,000   0,000   279,169      
0,63/19   23,167   80,826   80,826   46,586   0,406   1,614   35,839   14,153   1,711   4,157   0,000   0,000   0,000   283,417      
0,63/20   24,386   85,080   85,080   44,257   0,386   1,533   34,047   13,445   1,626   3,949   0,000   0,000   0,000   288,214      
0,63/21   25,606   89,334   89,334   42,149   0,367   1,460   32,426   12,805   1,548   3,761   0,000   0,000   0,000   293,481      
0,63/22   26,825   93,588   93,588   40,233   0,351   1,394   30,952   12,223   1,478   3,590   0,000   0,000   0,000   299,154      
0,63/23   28,044   97,842   97,842   38,484   0,335   1,333   29,606   11,691   1,414   3,434   0,000   0,000   0,000   305,177      
0,63/24   29,264   102,096   102,096   36,881   0,321   1,278   28,373   11,204   1,355   3,291   0,000   0,000   0,000   311,513      
0,63/25   30,483   106,350   106,350   35,405   0,309   1,227   27,238   10,756   1,301   3,159   0,000   0,000   0,000   318,118      
0,63/26   31,702   110,604   110,604   34,044   0,297   1,180   26,190   10,342   1,251   3,038   0,000   0,000   0,000   324,963      
0,63/27   32,922   114,858   114,858   32,783   0,286   1,136   25,220   9,959   1,204   2,925   0,000   0,000   0,000   332,022      
0,63/28   34,141   119,112   119,112   31,612   0,275   1,095   24,320   9,604   1,161   2,821   0,000   0,000   0,000   339,271      
0,75/ 1   1,219   5,105   5,105   1062,161   7,714   30,670   680,949   268,901   32,518   78,987   0,000   0,000   0,000   2061,824      
0,75/ 2   2,439   10,210   10,210   531,081   3,857   15,335   340,475   134,451   16,259   39,493   0,000   0,000   0,000   1048,058      
0,75/ 3   3,658   15,314   15,314   354,054   2,571   10,223   226,983   89,634   10,839   26,329   0,000   0,000   0,000   717,751      
0,75/ 4   4,877   20,419   20,419   265,540   1,928   7,667   170,237   67,225   8,130   19,747   0,000   0,000   0,000   558,312      
0,75/ 5   6,097   25,524   25,524   212,432   1,543   6,134   136,190   53,780   6,504   15,797   0,000   0,000   0,000   467,224      
0,75/ 6   7,316   30,629   30,629   177,027   1,286   5,112   113,492   44,817   5,420   13,164   0,000   0,000   0,000   410,308      
0,75/ 7   8,535   35,734   35,734   151,737   1,102   4,381   97,278   38,414   4,645   11,284   0,000   0,000   0,000   372,915      
0,75/ 8   9,755   40,838   40,838   132,770   0,964   3,834   85,119   33,613   4,065   9,873   0,000   0,000   0,000   347,731      
0,75/ 9   10,974   45,943   45,943   118,018   0,857   3,408   75,661   29,878   3,613   8,776   0,000   0,000   0,000   330,682      
0,75/10   12,193   51,048   51,048   106,216   0,771   3,067   68,095   26,890   3,252   7,899   0,000   0,000   0,000   319,328      
0,75/11   13,412   56,153   56,153   96,560   0,701   2,788   61,904   24,446   2,956   7,181   0,000   0,000   0,000   312,117      
0,75/12   14,632   61,258   61,258   88,513   0,643   2,556   56,746   22,408   2,710   6,582   0,000   0,000   0,000   308,014      
0,75/13   15,851   66,362   66,362   81,705   0,593   2,359   52,381   20,685   2,501   6,076   0,000   0,000   0,000   306,298      
0,75/14   17,070   71,467   71,467   75,869   0,551   2,191   48,639   19,207   2,323   5,642   0,000   0,000   0,000   306,461      
0,75/15   18,290   76,572   76,572   70,811   0,514   2,045   45,397   17,927   2,168   5,266   0,000   0,000   0,000   308,128      
0,75/16   19,509   81,677   81,677   66,385   0,482   1,917   42,559   16,806   2,032   4,937   0,000   0,000   0,000   311,012      
0,75/17   20,728   86,782   86,782   62,480   0,454   1,804   40,056   15,818   1,913   4,646   0,000   0,000   0,000   314,904      
0,75/18   21,948   91,886   91,886   59,009   0,429   1,704   37,831   14,939   1,807   4,388   0,000   0,000   0,000   319,632      
0,75/19   23,167   96,991   96,991   55,903   0,406   1,614   35,839   14,153   1,711   4,157   0,000   0,000   0,000   325,064      
0,75/20   24,386   102,096   102,096   53,108   0,386   1,533   34,047   13,445   1,626   3,949   0,000   0,000   0,000   331,097      
0,75/21   25,606   107,201   107,201   50,579   0,367   1,460   32,426   12,805   1,548   3,761   0,000   0,000   0,000   337,645      
0,75/22   26,825   112,306   112,306   48,280   0,351   1,394   30,952   12,223   1,478   3,590   0,000   0,000   0,000   344,637      
0,75/23   28,044   117,410   117,410   46,181   0,335   1,333   29,606   11,691   1,414   3,434   0,000   0,000   0,000   352,01      
0,75/24   29,264   122,515   122,515   44,257   0,321   1,278   28,373   11,204   1,355   3,291   0,000   0,000   0,000   359,727      
0,75/25   30,483   127,620   127,620   42,486   0,309   1,227   27,238   10,756   1,301   3,159   0,000   0,000   0,000   367,739      
0,75/26   31,702   132,725   132,725   40,852   0,297   1,180   26,190   10,342   1,251   3,038   0,000   0,000   0,000   376,013      
0,75/27   32,922   137,830   137,830   39,339   0,286   1,136   25,220   9,959   1,204   2,925   0,000   0,000   0,000   384,522      
0,75/28   34,141   142,934   142,934   37,934   0,275   1,095   24,320   9,604   1,161   2,821   0,000   0,000   0,000   393,237      
0,80/ 1   1,219   5,445   5,445   1132,972   7,714   30,670   680,949   268,901   32,518   78,987   0,000   0,000   0,000   2133,315      
0,80/ 2   2,439   10,890   10,890   566,486   3,857   15,335   340,475   134,451   16,259   39,493   0,000   0,000   0,000   1084,823      
0,80/ 3   3,658   16,335   16,335   377,657   2,571   10,223   226,983   89,634   10,839   26,329   0,000   0,000   0,000   743,396      
0,80/ 4   4,877   21,780   21,780   283,243   1,928   7,667   170,237   67,225   8,130   19,747   0,000   0,000   0,000   578,737      
0,80/ 5   6,097   27,226   27,226   226,594   1,543   6,134   136,190   53,780   6,504   15,797   0,000   0,000   0,000   484,79      
0,80/ 6   7,316   32,671   32,671   188,829   1,286   5,112   113,492   44,817   5,420   13,164   0,000   0,000   0,000   426,194      
0,80/ 7   8,535   38,116   38,116   161,853   1,102   4,381   97,278   38,414   4,645   11,284   0,000   0,000   0,000   387,795      
0,80/ 8   9,755   43,561   43,561   141,622   0,964   3,834   85,119   33,613   4,065   9,873   0,000   0,000   0,000   362,029      
0,80/ 9   10,974   49,006   49,006   125,886   0,857   3,408   75,661   29,878   3,613   8,776   0,000   0,000   0,000   344,676      
0,80/10   12,193   54,451   54,451   113,297   0,771   3,067   68,095   26,890   3,252   7,899   0,000   0,000   0,000   333,215      
0,80/11   13,412   59,896   59,896   102,997   0,701   2,788   61,904   24,446   2,956   7,181   0,000   0,000   0,000   326,04      
0,80/12   14,632   65,341   65,341   94,414   0,643   2,556   56,746   22,408   2,710   6,582   0,000   0,000   0,000   322,081      
0,80/13   15,851   70,787   70,787   87,152   0,593   2,359   52,381   20,685   2,501   6,076   0,000   0,000   0,000   320,595      
0,80/14   17,070   76,232   76,232   80,927   0,551   2,191   48,639   19,207   2,323   5,642   0,000   0,000   0,000   321,049      
0,80/15   18,290   81,677   81,677   75,531   0,514   2,045   45,397   17,927   2,168   5,266   0,000   0,000   0,000   323,058      
0,80/16   19,509   87,122   87,122   70,811   0,482   1,917   42,559   16,806   2,032   4,937   0,000   0,000   0,000   326,328      
0,80/17   20,728   92,567   92,567   66,645   0,454   1,804   40,056   15,818   1,913   4,646   0,000   0,000   0,000   330,639      
0,80/18   21,948   98,012   98,012   62,943   0,429   1,704   37,831   14,939   1,807   4,388   0,000   0,000   0,000   335,818      
0,80/19   23,167   103,457   103,457   59,630   0,406   1,614   35,839   14,153   1,711   4,157   0,000   0,000   0,000   341,723      
0,80/20   24,386   108,902   108,902   56,649   0,386   1,533   34,047   13,445   1,626   3,949   0,000   0,000   0,000   348,25      
0,80/21   25,606   114,348   114,348   53,951   0,367   1,460   32,426   12,805   1,548   3,761   0,000   0,000   0,000   355,311      
0,80/22   26,825   119,793   119,793   51,499   0,351   1,394   30,952   12,223   1,478   3,590   0,000   0,000   0,000   362,83      
0,80/23   28,044   125,238   125,238   49,260   0,335   1,333   29,606   11,691   1,414   3,434   0,000   0,000   0,000   370,745      
0,80/24   29,264   130,683   130,683   47,207   0,321   1,278   28,373   11,204   1,355   3,291   0,000   0,000   0,000   379,013      
0,80/25   30,483   136,128   136,128   45,319   0,309   1,227   27,238   10,756   1,301   3,159   0,000   0,000   0,000   387,588      
0,80/26   31,702   141,573   141,573   43,576   0,297   1,180   26,190   10,342   1,251   3,038   0,000   0,000   0,000   396,433      
0,80/27   32,922   147,018   147,018   41,962   0,286   1,136   25,220   9,959   1,204   2,925   0,000   0,000   0,000   405,521      
0,80/28   34,141   152,463   152,463   40,463   0,275   1,095   24,320   9,604   1,161   2,821   0,000   0,000   0,000   414,824      
                                                
ќптимизационные значени€
ar/ћес€ц   S1   S2   S3   S4   S5   S6   S7   S8   S9   S10   Sдоп1   Sдоп2   Sдоп3   —умма      
0,50/15   18,290   51,048   51,048   47,207   0,514   2,045   45,397   17,927   2,168   5,266   0,000   0,000   0,000   233,476      
0,33/16   19,509   36,264   36,264   29,475   0,482   1,917   42,559   16,806   2,032   4,937   0,000   0,000   0,000   183,276      
0,25/17   20,728   28,927   28,927   20,827   0,454   1,804   40,056   15,818   1,913   4,646   0,000   0,000   0,000   157,541      
0,20/18   21,948   24,503   24,503   15,736   0,429   1,704   37,831   14,939   1,807   4,388   0,000   0,000   0,000   141,593      
0,67/14   17,070   63,558   63,558   67,473   0,551   2,191   48,639   19,207   2,323   5,642   0,000   0,000   0,000   282,247      
0,63/14   17,070   59,556   59,556   63,224   0,551   2,191   48,639   19,207   2,323   5,642   0,000   0,000   0,000   269,994      
0,75/13   15,851   66,362   66,362   81,705   0,593   2,359   52,381   20,685   2,501   6,076   0,000   0,000   0,000   306,298      
0,80/13   15,851   70,787   70,787   87,152   0,593   2,359   52,381   20,685   2,501   6,076   0,000   0,000   0,000   320,595      
–ассчет эффективности
ar/ћес€ц   —уп   Ён   Ёос   Ёоб   Ёс   Ёз   Ёq   Ёобщ      
0,50/15   34,01   13,36   0,10   0,05   0,04   0,01   13,39   171,12      
0,33/14   45,09   22,55   0,17   0,08   0,05   0,01   13,39   223,87      
ƒельта и т.д.
ar/ћес€ц   Smax   —умма   ƒельта Smax-—умма      
               
