–езультаты расчета
ar/ћес€ц   S1   S2   S3   S4   S5   S6   S7   S8   S9   S10   Sдоп1   Sдоп2   Sдоп3   —умма      
0,50/ 1   2,601   5,393   5,393   1172,179   6,912   30,670   610,169   532,635   64,411   156,456   0,000   0,000   0,000   2365,952      
0,50/ 2   5,202   10,786   10,786   586,090   3,456   15,335   305,085   266,318   32,206   78,228   0,000   0,000   0,000   1203,058      
0,50/ 3   7,803   16,178   16,178   390,726   2,304   10,223   203,390   177,545   21,470   52,152   0,000   0,000   0,000   824,347      
0,50/ 4   10,404   21,571   21,571   293,045   1,728   7,667   152,542   133,159   16,103   39,114   0,000   0,000   0,000   641,687      
0,50/ 5   13,005   26,964   26,964   234,436   1,382   6,134   122,034   106,527   12,882   31,291   0,000   0,000   0,000   537,446      
0,50/ 6   15,606   32,357   32,357   195,363   1,152   5,112   101,695   88,773   10,735   26,076   0,000   0,000   0,000   472,415      
0,50/ 7   18,207   37,750   37,750   167,454   0,987   4,381   87,167   76,091   9,202   22,351   0,000   0,000   0,000   429,787      
0,50/ 8   20,808   43,142   43,142   146,522   0,864   3,834   76,271   66,579   8,051   19,557   0,000   0,000   0,000   401,162      
0,50/ 9   23,409   48,535   48,535   130,242   0,768   3,408   67,797   59,182   7,157   17,384   0,000   0,000   0,000   381,876      
0,50/10   26,010   53,928   53,928   117,218   0,691   3,067   61,017   53,264   6,441   15,646   0,000   0,000   0,000   369,123      
0,50/11   28,611   59,321   59,321   106,562   0,628   2,788   55,470   48,421   5,856   14,223   0,000   0,000   0,000   361,122      
0,50/12   31,212   64,714   64,714   97,682   0,576   2,556   50,847   44,386   5,368   13,038   0,000   0,000   0,000   356,687      
0,50/13   33,813   70,106   70,106   90,168   0,532   2,359   46,936   40,972   4,955   12,035   0,000   0,000   0,000   354,992      
0,50/14   36,414   75,499   75,499   83,727   0,494   2,191   43,584   38,045   4,601   11,175   0,000   0,000   0,000   355,453      
0,50/15   39,015   80,892   80,892   78,145   0,461   2,045   40,678   35,509   4,294   10,430   0,000   0,000   0,000   357,637      
0,50/16   41,616   86,285   86,285   73,261   0,432   1,917   38,136   33,290   4,026   9,778   0,000   0,000   0,000   361,222      
0,50/17   44,217   91,678   91,678   68,952   0,407   1,804   35,892   31,331   3,789   9,203   0,000   0,000   0,000   365,959      
0,50/18   46,818   97,070   97,070   65,121   0,384   1,704   33,898   29,591   3,578   8,692   0,000   0,000   0,000   371,656      
0,50/19   49,419   102,463   102,463   61,694   0,364   1,614   32,114   28,033   3,390   8,235   0,000   0,000   0,000   378,164      
0,50/20   52,020   107,856   107,856   58,609   0,346   1,533   30,508   26,632   3,221   7,823   0,000   0,000   0,000   385,36      
0,50/21   54,621   113,249   113,249   55,818   0,329   1,460   29,056   25,364   3,067   7,450   0,000   0,000   0,000   393,146      
0,50/22   57,222   118,642   118,642   53,281   0,314   1,394   27,735   24,211   2,928   7,112   0,000   0,000   0,000   401,441      
0,50/23   59,823   124,034   124,034   50,964   0,301   1,333   26,529   23,158   2,800   6,802   0,000   0,000   0,000   410,176      
0,50/24   62,424   129,427   129,427   48,841   0,288   1,278   25,424   22,193   2,684   6,519   0,000   0,000   0,000   419,302      
0,50/25   65,025   134,820   134,820   46,887   0,276   1,227   24,407   21,305   2,576   6,258   0,000   0,000   0,000   428,767      
0,50/26   67,626   140,213   140,213   45,084   0,266   1,180   23,468   20,486   2,477   6,018   0,000   0,000   0,000   438,536      
0,50/28   72,828   150,998   150,998   41,864   0,247   1,095   21,792   19,023   2,300   5,588   0,000   0,000   0,000   458,845      
0,33/ 1   2,601   3,592   3,592   780,671   6,912   30,670   610,169   532,635   64,411   156,456   0,000   0,000   0,000   1970,842      
0,33/ 2   5,202   7,183   7,183   390,336   3,456   15,335   305,085   266,318   32,206   78,228   0,000   0,000   0,000   1000,098      
0,33/ 3   7,803   10,775   10,775   260,224   2,304   10,223   203,390   177,545   21,470   52,152   0,000   0,000   0,000   683,039      
0,33/ 4   10,404   14,366   14,366   195,168   1,728   7,667   152,542   133,159   16,103   39,114   0,000   0,000   0,000   529,4      
0,33/ 5   13,005   17,958   17,958   156,134   1,382   6,134   122,034   106,527   12,882   31,291   0,000   0,000   0,000   441,132      
0,33/ 6   15,606   21,550   21,550   130,112   1,152   5,112   101,695   88,773   10,735   26,076   0,000   0,000   0,000   385,55      
0,33/ 7   18,207   25,141   25,141   111,524   0,987   4,381   87,167   76,091   9,202   22,351   0,000   0,000   0,000   348,639      
0,33/ 8   20,808   28,733   28,733   97,584   0,864   3,834   76,271   66,579   8,051   19,557   0,000   0,000   0,000   323,406      
0,33/ 9   23,409   32,324   32,324   86,741   0,768   3,408   67,797   59,182   7,157   17,384   0,000   0,000   0,000   305,953      
0,33/10   26,010   35,916   35,916   78,067   0,691   3,067   61,017   53,264   6,441   15,646   0,000   0,000   0,000   293,948      
0,33/11   28,611   39,508   39,508   70,970   0,628   2,788   55,470   48,421   5,856   14,223   0,000   0,000   0,000   285,904      
0,33/12   31,212   43,099   43,099   65,056   0,576   2,556   50,847   44,386   5,368   13,038   0,000   0,000   0,000   280,831      
0,33/13   33,813   46,691   46,691   60,052   0,532   2,359   46,936   40,972   4,955   12,035   0,000   0,000   0,000   278,046      
0,33/14   36,414   50,282   50,282   55,762   0,494   2,191   43,584   38,045   4,601   11,175   0,000   0,000   0,000   277,054      
0,33/15   39,015   53,874   53,874   52,045   0,461   2,045   40,678   35,509   4,294   10,430   0,000   0,000   0,000   277,501      
0,33/16   41,616   57,466   57,466   48,792   0,432   1,917   38,136   33,290   4,026   9,778   0,000   0,000   0,000   279,115      
0,33/17   44,217   61,057   61,057   45,922   0,407   1,804   35,892   31,331   3,789   9,203   0,000   0,000   0,000   281,687      
0,33/18   46,818   64,649   64,649   43,371   0,384   1,704   33,898   29,591   3,578   8,692   0,000   0,000   0,000   285,064      
0,33/19   49,419   68,240   68,240   41,088   0,364   1,614   32,114   28,033   3,390   8,235   0,000   0,000   0,000   289,112      
0,33/20   52,020   71,832   71,832   39,034   0,346   1,533   30,508   26,632   3,221   7,823   0,000   0,000   0,000   293,737      
0,33/21   54,621   75,424   75,424   37,175   0,329   1,460   29,056   25,364   3,067   7,450   0,000   0,000   0,000   298,853      
0,33/22   57,222   79,015   79,015   35,485   0,314   1,394   27,735   24,211   2,928   7,112   0,000   0,000   0,000   304,391      
0,33/23   59,823   82,607   82,607   33,942   0,301   1,333   26,529   23,158   2,800   6,802   0,000   0,000   0,000   310,3      
0,33/24   62,424   86,199   86,199   32,528   0,288   1,278   25,424   22,193   2,684   6,519   0,000   0,000   0,000   316,533      
0,33/25   65,025   89,790   89,790   31,227   0,276   1,227   24,407   21,305   2,576   6,258   0,000   0,000   0,000   323,047      
0,33/26   67,626   93,382   93,382   30,026   0,266   1,180   23,468   20,486   2,477   6,018   0,000   0,000   0,000   329,816      
0,33/28   72,828   100,565   100,565   27,881   0,247   1,095   21,792   19,023   2,300   5,588   0,000   0,000   0,000   343,996      
0,25/ 1   2,601   2,696   2,696   586,090   6,912   30,670   610,169   532,635   64,411   156,456   0,000   0,000   0,000   1774,469      
0,25/ 2   5,202   5,393   5,393   293,045   3,456   15,335   305,085   266,318   32,206   78,228   0,000   0,000   0,000   899,227      
0,25/ 3   7,803   8,089   8,089   195,363   2,304   10,223   203,390   177,545   21,470   52,152   0,000   0,000   0,000   612,806      
0,25/ 4   10,404   10,786   10,786   146,522   1,728   7,667   152,542   133,159   16,103   39,114   0,000   0,000   0,000   473,594      
0,25/ 5   13,005   13,482   13,482   117,218   1,382   6,134   122,034   106,527   12,882   31,291   0,000   0,000   0,000   393,264      
0,25/ 6   15,606   16,178   16,178   97,682   1,152   5,112   101,695   88,773   10,735   26,076   0,000   0,000   0,000   342,376      
0,25/ 7   18,207   18,875   18,875   83,727   0,987   4,381   87,167   76,091   9,202   22,351   0,000   0,000   0,000   308,31      
0,25/ 8   20,808   21,571   21,571   73,261   0,864   3,834   76,271   66,579   8,051   19,557   0,000   0,000   0,000   284,759      
0,25/ 9   23,409   24,268   24,268   65,121   0,768   3,408   67,797   59,182   7,157   17,384   0,000   0,000   0,000   268,221      
0,25/10   26,010   26,964   26,964   58,609   0,691   3,067   61,017   53,264   6,441   15,646   0,000   0,000   0,000   256,586      
0,25/11   28,611   29,660   29,660   53,281   0,628   2,788   55,470   48,421   5,856   14,223   0,000   0,000   0,000   248,519      
0,25/12   31,212   32,357   32,357   48,841   0,576   2,556   50,847   44,386   5,368   13,038   0,000   0,000   0,000   243,132      
0,25/13   33,813   35,053   35,053   45,084   0,532   2,359   46,936   40,972   4,955   12,035   0,000   0,000   0,000   239,802      
0,25/14   36,414   37,750   37,750   41,864   0,494   2,191   43,584   38,045   4,601   11,175   0,000   0,000   0,000   238,092      
0,25/15   39,015   40,446   40,446   39,073   0,461   2,045   40,678   35,509   4,294   10,430   0,000   0,000   0,000   237,673      
0,25/16   41,616   43,142   43,142   36,631   0,432   1,917   38,136   33,290   4,026   9,778   0,000   0,000   0,000   238,306      
0,25/17   44,217   45,839   45,839   34,476   0,407   1,804   35,892   31,331   3,789   9,203   0,000   0,000   0,000   239,805      
0,25/18   46,818   48,535   48,535   32,561   0,384   1,704   33,898   29,591   3,578   8,692   0,000   0,000   0,000   242,026      
0,25/19   49,419   51,232   51,232   30,847   0,364   1,614   32,114   28,033   3,390   8,235   0,000   0,000   0,000   244,855      
0,25/20   52,020   53,928   53,928   29,304   0,346   1,533   30,508   26,632   3,221   7,823   0,000   0,000   0,000   248,199      
0,25/21   54,621   56,624   56,624   27,909   0,329   1,460   29,056   25,364   3,067   7,450   0,000   0,000   0,000   251,987      
0,25/22   57,222   59,321   59,321   26,640   0,314   1,394   27,735   24,211   2,928   7,112   0,000   0,000   0,000   256,158      
0,25/23   59,823   62,017   62,017   25,482   0,301   1,333   26,529   23,158   2,800   6,802   0,000   0,000   0,000   260,66      
0,25/24   62,424   64,714   64,714   24,420   0,288   1,278   25,424   22,193   2,684   6,519   0,000   0,000   0,000   265,455      
0,25/25   65,025   67,410   67,410   23,444   0,276   1,227   24,407   21,305   2,576   6,258   0,000   0,000   0,000   270,504      
0,25/26   67,626   70,106   70,106   22,542   0,266   1,180   23,468   20,486   2,477   6,018   0,000   0,000   0,000   275,78      
0,25/28   72,828   75,499   75,499   20,932   0,247   1,095   21,792   19,023   2,300   5,588   0,000   0,000   0,000   286,915      
0,20/ 1   2,601   2,157   2,157   468,872   6,912   30,670   610,169   532,635   64,411   156,456   0,000   0,000   0,000   1656,173      
0,20/ 2   5,202   4,314   4,314   234,436   3,456   15,335   305,085   266,318   32,206   78,228   0,000   0,000   0,000   838,46      
0,20/ 3   7,803   6,471   6,471   156,291   2,304   10,223   203,390   177,545   21,470   52,152   0,000   0,000   0,000   570,498      
0,20/ 4   10,404   8,628   8,628   117,218   1,728   7,667   152,542   133,159   16,103   39,114   0,000   0,000   0,000   439,974      
0,20/ 5   13,005   10,786   10,786   93,774   1,382   6,134   122,034   106,527   12,882   31,291   0,000   0,000   0,000   364,428      
0,20/ 6   15,606   12,943   12,943   78,145   1,152   5,112   101,695   88,773   10,735   26,076   0,000   0,000   0,000   316,369      
0,20/ 7   18,207   15,100   15,100   66,982   0,987   4,381   87,167   76,091   9,202   22,351   0,000   0,000   0,000   284,015      
0,20/ 8   20,808   17,257   17,257   58,609   0,864   3,834   76,271   66,579   8,051   19,557   0,000   0,000   0,000   261,479      
0,20/ 9   23,409   19,414   19,414   52,097   0,768   3,408   67,797   59,182   7,157   17,384   0,000   0,000   0,000   245,489      
0,20/10   26,010   21,571   21,571   46,887   0,691   3,067   61,017   53,264   6,441   15,646   0,000   0,000   0,000   234,078      
0,20/11   28,611   23,728   23,728   42,625   0,628   2,788   55,470   48,421   5,856   14,223   0,000   0,000   0,000   225,999      
0,20/12   31,212   25,885   25,885   39,073   0,576   2,556   50,847   44,386   5,368   13,038   0,000   0,000   0,000   220,42      
0,20/13   33,813   28,043   28,043   36,067   0,532   2,359   46,936   40,972   4,955   12,035   0,000   0,000   0,000   216,765      
0,20/14   36,414   30,200   30,200   33,491   0,494   2,191   43,584   38,045   4,601   11,175   0,000   0,000   0,000   214,619      
0,20/15   39,015   32,357   32,357   31,258   0,461   2,045   40,678   35,509   4,294   10,430   0,000   0,000   0,000   213,68      
0,20/16   41,616   34,514   34,514   29,304   0,432   1,917   38,136   33,290   4,026   9,778   0,000   0,000   0,000   213,723      
0,20/17   44,217   36,671   36,671   27,581   0,407   1,804   35,892   31,331   3,789   9,203   0,000   0,000   0,000   214,574      
0,20/18   46,818   38,828   38,828   26,048   0,384   1,704   33,898   29,591   3,578   8,692   0,000   0,000   0,000   216,099      
0,20/19   49,419   40,985   40,985   24,677   0,364   1,614   32,114   28,033   3,390   8,235   0,000   0,000   0,000   218,191      
0,20/20   52,020   43,142   43,142   23,444   0,346   1,533   30,508   26,632   3,221   7,823   0,000   0,000   0,000   220,767      
0,20/21   54,621   45,300   45,300   22,327   0,329   1,460   29,056   25,364   3,067   7,450   0,000   0,000   0,000   223,757      
0,20/22   57,222   47,457   47,457   21,312   0,314   1,394   27,735   24,211   2,928   7,112   0,000   0,000   0,000   227,102      
0,20/23   59,823   49,614   49,614   20,386   0,301   1,333   26,529   23,158   2,800   6,802   0,000   0,000   0,000   230,758      
0,20/24   62,424   51,771   51,771   19,536   0,288   1,278   25,424   22,193   2,684   6,519   0,000   0,000   0,000   234,685      
0,20/25   65,025   53,928   53,928   18,755   0,276   1,227   24,407   21,305   2,576   6,258   0,000   0,000   0,000   238,851      
0,20/26   67,626   56,085   56,085   18,034   0,266   1,180   23,468   20,486   2,477   6,018   0,000   0,000   0,000   243,23      
0,20/28   72,828   60,399   60,399   16,745   0,247   1,095   21,792   19,023   2,300   5,588   0,000   0,000   0,000   252,528      
0,67/ 1   2,601   7,194   7,194   1563,687   6,912   30,670   610,169   532,635   64,411   156,456   0,000   0,000   0,000   2761,062      
0,67/ 2   5,202   14,388   14,388   781,843   3,456   15,335   305,085   266,318   32,206   78,228   0,000   0,000   0,000   1406,015      
0,67/ 3   7,803   21,582   21,582   521,229   2,304   10,223   203,390   177,545   21,470   52,152   0,000   0,000   0,000   965,658      
0,67/ 4   10,404   28,776   28,776   390,922   1,728   7,667   152,542   133,159   16,103   39,114   0,000   0,000   0,000   753,974      
0,67/ 5   13,005   35,970   35,970   312,737   1,382   6,134   122,034   106,527   12,882   31,291   0,000   0,000   0,000   633,759      
0,67/ 6   15,606   43,164   43,164   260,614   1,152   5,112   101,695   88,773   10,735   26,076   0,000   0,000   0,000   559,28      
0,67/ 7   18,207   50,358   50,358   223,384   0,987   4,381   87,167   76,091   9,202   22,351   0,000   0,000   0,000   510,933      
0,67/ 8   20,808   57,552   57,552   195,461   0,864   3,834   76,271   66,579   8,051   19,557   0,000   0,000   0,000   478,921      
0,67/ 9   23,409   64,746   64,746   173,743   0,768   3,408   67,797   59,182   7,157   17,384   0,000   0,000   0,000   457,799      
0,67/10   26,010   71,940   71,940   156,369   0,691   3,067   61,017   53,264   6,441   15,646   0,000   0,000   0,000   444,298      
0,67/11   28,611   79,134   79,134   142,153   0,628   2,788   55,470   48,421   5,856   14,223   0,000   0,000   0,000   436,339      
0,67/12   31,212   86,328   86,328   130,307   0,576   2,556   50,847   44,386   5,368   13,038   0,000   0,000   0,000   432,54      
0,67/13   33,813   93,522   93,522   120,284   0,532   2,359   46,936   40,972   4,955   12,035   0,000   0,000   0,000   431,94      
0,67/14   36,414   100,716   100,716   111,692   0,494   2,191   43,584   38,045   4,601   11,175   0,000   0,000   0,000   433,852      
0,67/15   39,015   107,910   107,910   104,246   0,461   2,045   40,678   35,509   4,294   10,430   0,000   0,000   0,000   437,774      
0,67/16   41,616   115,104   115,104   97,730   0,432   1,917   38,136   33,290   4,026   9,778   0,000   0,000   0,000   443,329      
0,67/17   44,217   122,298   122,298   91,982   0,407   1,804   35,892   31,331   3,789   9,203   0,000   0,000   0,000   450,229      
0,67/18   46,818   129,492   129,492   86,871   0,384   1,704   33,898   29,591   3,578   8,692   0,000   0,000   0,000   458,25      
0,67/19   49,419   136,686   136,686   82,299   0,364   1,614   32,114   28,033   3,390   8,235   0,000   0,000   0,000   467,215      
0,67/20   52,020   143,880   143,880   78,184   0,346   1,533   30,508   26,632   3,221   7,823   0,000   0,000   0,000   476,983      
0,67/21   54,621   151,074   151,074   74,461   0,329   1,460   29,056   25,364   3,067   7,450   0,000   0,000   0,000   487,439      
0,67/22   57,222   158,268   158,268   71,077   0,314   1,394   27,735   24,211   2,928   7,112   0,000   0,000   0,000   498,489      
0,67/23   59,823   165,462   165,462   67,986   0,301   1,333   26,529   23,158   2,800   6,802   0,000   0,000   0,000   510,054      
0,67/24   62,424   172,656   172,656   65,154   0,288   1,278   25,424   22,193   2,684   6,519   0,000   0,000   0,000   522,073      
0,67/25   65,025   179,850   179,850   62,547   0,276   1,227   24,407   21,305   2,576   6,258   0,000   0,000   0,000   534,487      
0,67/26   67,626   187,044   187,044   60,142   0,266   1,180   23,468   20,486   2,477   6,018   0,000   0,000   0,000   547,256      
0,67/28   72,828   201,432   201,432   55,846   0,247   1,095   21,792   19,023   2,300   5,588   0,000   0,000   0,000   573,695      
0,63/ 1   2,601   6,741   6,741   1465,224   6,912   30,670   610,169   532,635   64,411   156,456   0,000   0,000   0,000   2661,693      
0,63/ 2   5,202   13,482   13,482   732,612   3,456   15,335   305,085   266,318   32,206   78,228   0,000   0,000   0,000   1354,972      
0,63/ 3   7,803   20,223   20,223   488,408   2,304   10,223   203,390   177,545   21,470   52,152   0,000   0,000   0,000   930,119      
0,63/ 4   10,404   26,964   26,964   366,306   1,728   7,667   152,542   133,159   16,103   39,114   0,000   0,000   0,000   725,734      
0,63/ 5   13,005   33,705   33,705   293,045   1,382   6,134   122,034   106,527   12,882   31,291   0,000   0,000   0,000   609,537      
0,63/ 6   15,606   40,446   40,446   244,204   1,152   5,112   101,695   88,773   10,735   26,076   0,000   0,000   0,000   537,434      
0,63/ 7   18,207   47,187   47,187   209,318   0,987   4,381   87,167   76,091   9,202   22,351   0,000   0,000   0,000   490,525      
0,63/ 8   20,808   53,928   53,928   183,153   0,864   3,834   76,271   66,579   8,051   19,557   0,000   0,000   0,000   459,365      
0,63/ 9   23,409   60,669   60,669   162,803   0,768   3,408   67,797   59,182   7,157   17,384   0,000   0,000   0,000   438,705      
0,63/10   26,010   67,410   67,410   146,522   0,691   3,067   61,017   53,264   6,441   15,646   0,000   0,000   0,000   425,391      
0,63/11   28,611   74,151   74,151   133,202   0,628   2,788   55,470   48,421   5,856   14,223   0,000   0,000   0,000   417,422      
0,63/12   31,212   80,892   80,892   122,102   0,576   2,556   50,847   44,386   5,368   13,038   0,000   0,000   0,000   413,463      
0,63/13   33,813   87,633   87,633   112,710   0,532   2,359   46,936   40,972   4,955   12,035   0,000   0,000   0,000   412,588      
0,63/14   36,414   94,374   94,374   104,659   0,494   2,191   43,584   38,045   4,601   11,175   0,000   0,000   0,000   414,135      
0,63/15   39,015   101,115   101,115   97,682   0,461   2,045   40,678   35,509   4,294   10,430   0,000   0,000   0,000   417,62      
0,63/16   41,616   107,856   107,856   91,576   0,432   1,917   38,136   33,290   4,026   9,778   0,000   0,000   0,000   422,679      
0,63/17   44,217   114,597   114,597   86,190   0,407   1,804   35,892   31,331   3,789   9,203   0,000   0,000   0,000   429,035      
0,63/18   46,818   121,338   121,338   81,401   0,384   1,704   33,898   29,591   3,578   8,692   0,000   0,000   0,000   436,472      
0,63/19   49,419   128,079   128,079   77,117   0,364   1,614   32,114   28,033   3,390   8,235   0,000   0,000   0,000   444,819      
0,63/20   52,020   134,820   134,820   73,261   0,346   1,533   30,508   26,632   3,221   7,823   0,000   0,000   0,000   453,94      
0,63/21   54,621   141,561   141,561   69,773   0,329   1,460   29,056   25,364   3,067   7,450   0,000   0,000   0,000   463,725      
0,63/22   57,222   148,302   148,302   66,601   0,314   1,394   27,735   24,211   2,928   7,112   0,000   0,000   0,000   474,081      
0,63/23   59,823   155,043   155,043   63,705   0,301   1,333   26,529   23,158   2,800   6,802   0,000   0,000   0,000   484,935      
0,63/24   62,424   161,784   161,784   61,051   0,288   1,278   25,424   22,193   2,684   6,519   0,000   0,000   0,000   496,226      
0,63/25   65,025   168,525   168,525   58,609   0,276   1,227   24,407   21,305   2,576   6,258   0,000   0,000   0,000   507,899      
0,63/26   67,626   175,266   175,266   56,355   0,266   1,180   23,468   20,486   2,477   6,018   0,000   0,000   0,000   519,913      
0,63/28   72,828   188,748   188,748   52,329   0,247   1,095   21,792   19,023   2,300   5,588   0,000   0,000   0,000   544,81      
0,75/ 1   2,601   8,089   8,089   1758,269   6,912   30,670   610,169   532,635   64,411   156,456   0,000   0,000   0,000   2957,434      
0,75/ 2   5,202   16,178   16,178   879,134   3,456   15,335   305,085   266,318   32,206   78,228   0,000   0,000   0,000   1506,886      
0,75/ 3   7,803   24,268   24,268   586,090   2,304   10,223   203,390   177,545   21,470   52,152   0,000   0,000   0,000   1035,891      
0,75/ 4   10,404   32,357   32,357   439,567   1,728   7,667   152,542   133,159   16,103   39,114   0,000   0,000   0,000   809,781      
0,75/ 5   13,005   40,446   40,446   351,654   1,382   6,134   122,034   106,527   12,882   31,291   0,000   0,000   0,000   681,628      
0,75/ 6   15,606   48,535   48,535   293,045   1,152   5,112   101,695   88,773   10,735   26,076   0,000   0,000   0,000   602,453      
0,75/ 7   18,207   56,624   56,624   251,181   0,987   4,381   87,167   76,091   9,202   22,351   0,000   0,000   0,000   551,262      
0,75/ 8   20,808   64,714   64,714   219,784   0,864   3,834   76,271   66,579   8,051   19,557   0,000   0,000   0,000   517,568      
0,75/ 9   23,409   72,803   72,803   195,363   0,768   3,408   67,797   59,182   7,157   17,384   0,000   0,000   0,000   495,533      
0,75/10   26,010   80,892   80,892   175,827   0,691   3,067   61,017   53,264   6,441   15,646   0,000   0,000   0,000   481,66      
0,75/11   28,611   88,981   88,981   159,843   0,628   2,788   55,470   48,421   5,856   14,223   0,000   0,000   0,000   473,723      
0,75/12   31,212   97,070   97,070   146,522   0,576   2,556   50,847   44,386   5,368   13,038   0,000   0,000   0,000   470,239      
0,75/13   33,813   105,160   105,160   135,251   0,532   2,359   46,936   40,972   4,955   12,035   0,000   0,000   0,000   470,183      
0,75/14   36,414   113,249   113,249   125,591   0,494   2,191   43,584   38,045   4,601   11,175   0,000   0,000   0,000   472,817      
0,75/15   39,015   121,338   121,338   117,218   0,461   2,045   40,678   35,509   4,294   10,430   0,000   0,000   0,000   477,602      
0,75/16   41,616   129,427   129,427   109,892   0,432   1,917   38,136   33,290   4,026   9,778   0,000   0,000   0,000   484,137      
0,75/17   44,217   137,516   137,516   103,428   0,407   1,804   35,892   31,331   3,789   9,203   0,000   0,000   0,000   492,111      
0,75/18   46,818   145,606   145,606   97,682   0,384   1,704   33,898   29,591   3,578   8,692   0,000   0,000   0,000   501,289      
0,75/19   49,419   153,695   153,695   92,540   0,364   1,614   32,114   28,033   3,390   8,235   0,000   0,000   0,000   511,474      
0,75/20   52,020   161,784   161,784   87,913   0,346   1,533   30,508   26,632   3,221   7,823   0,000   0,000   0,000   522,52      
0,75/21   54,621   169,873   169,873   83,727   0,329   1,460   29,056   25,364   3,067   7,450   0,000   0,000   0,000   534,303      
0,75/22   57,222   177,962   177,962   79,921   0,314   1,394   27,735   24,211   2,928   7,112   0,000   0,000   0,000   546,721      
0,75/23   59,823   186,052   186,052   76,446   0,301   1,333   26,529   23,158   2,800   6,802   0,000   0,000   0,000   559,694      
0,75/24   62,424   194,141   194,141   73,261   0,288   1,278   25,424   22,193   2,684   6,519   0,000   0,000   0,000   573,15      
0,75/25   65,025   202,230   202,230   70,331   0,276   1,227   24,407   21,305   2,576   6,258   0,000   0,000   0,000   587,031      
0,75/26   67,626   210,319   210,319   67,626   0,266   1,180   23,468   20,486   2,477   6,018   0,000   0,000   0,000   601,29      
0,75/28   72,828   226,498   226,498   62,795   0,247   1,095   21,792   19,023   2,300   5,588   0,000   0,000   0,000   630,776      
0,80/ 1   2,601   8,628   8,628   1875,486   6,912   30,670   610,169   532,635   64,411   156,456   0,000   0,000   0,000   3075,729      
0,80/ 2   5,202   17,257   17,257   937,743   3,456   15,335   305,085   266,318   32,206   78,228   0,000   0,000   0,000   1567,653      
0,80/ 3   7,803   25,885   25,885   625,162   2,304   10,223   203,390   177,545   21,470   52,152   0,000   0,000   0,000   1078,197      
0,80/ 4   10,404   34,514   34,514   468,872   1,728   7,667   152,542   133,159   16,103   39,114   0,000   0,000   0,000   843,4      
0,80/ 5   13,005   43,142   43,142   375,097   1,382   6,134   122,034   106,527   12,882   31,291   0,000   0,000   0,000   710,463      
0,80/ 6   15,606   51,771   51,771   312,581   1,152   5,112   101,695   88,773   10,735   26,076   0,000   0,000   0,000   628,461      
0,80/ 7   18,207   60,399   60,399   267,927   0,987   4,381   87,167   76,091   9,202   22,351   0,000   0,000   0,000   575,558      
0,80/ 8   20,808   69,028   69,028   234,436   0,864   3,834   76,271   66,579   8,051   19,557   0,000   0,000   0,000   540,848      
0,80/ 9   23,409   77,656   77,656   208,387   0,768   3,408   67,797   59,182   7,157   17,384   0,000   0,000   0,000   518,263      
0,80/10   26,010   86,285   86,285   187,549   0,691   3,067   61,017   53,264   6,441   15,646   0,000   0,000   0,000   504,168      
0,80/11   28,611   94,913   94,913   170,499   0,628   2,788   55,470   48,421   5,856   14,223   0,000   0,000   0,000   496,243      
0,80/12   31,212   103,542   103,542   156,291   0,576   2,556   50,847   44,386   5,368   13,038   0,000   0,000   0,000   492,952      
0,80/13   33,813   112,170   112,170   144,268   0,532   2,359   46,936   40,972   4,955   12,035   0,000   0,000   0,000   493,22      
0,80/14   36,414   120,799   120,799   133,963   0,494   2,191   43,584   38,045   4,601   11,175   0,000   0,000   0,000   496,289      
0,80/15   39,015   129,427   129,427   125,032   0,461   2,045   40,678   35,509   4,294   10,430   0,000   0,000   0,000   501,594      
0,80/16   41,616   138,056   138,056   117,218   0,432   1,917   38,136   33,290   4,026   9,778   0,000   0,000   0,000   508,721      
0,80/17   44,217   146,684   146,684   110,323   0,407   1,804   35,892   31,331   3,789   9,203   0,000   0,000   0,000   517,342      
0,80/18   46,818   155,313   155,313   104,194   0,384   1,704   33,898   29,591   3,578   8,692   0,000   0,000   0,000   527,215      
0,80/19   49,419   163,941   163,941   98,710   0,364   1,614   32,114   28,033   3,390   8,235   0,000   0,000   0,000   538,136      
0,80/20   52,020   172,570   172,570   93,774   0,346   1,533   30,508   26,632   3,221   7,823   0,000   0,000   0,000   549,953      
0,80/21   54,621   181,198   181,198   89,309   0,329   1,460   29,056   25,364   3,067   7,450   0,000   0,000   0,000   562,535      
0,80/22   57,222   189,827   189,827   85,249   0,314   1,394   27,735   24,211   2,928   7,112   0,000   0,000   0,000   575,779      
0,80/23   59,823   198,455   198,455   81,543   0,301   1,333   26,529   23,158   2,800   6,802   0,000   0,000   0,000   589,597      
0,80/24   62,424   207,084   207,084   78,145   0,288   1,278   25,424   22,193   2,684   6,519   0,000   0,000   0,000   603,92      
0,80/25   65,025   215,712   215,712   75,019   0,276   1,227   24,407   21,305   2,576   6,258   0,000   0,000   0,000   618,683      
0,80/26   67,626   224,340   224,340   72,134   0,266   1,180   23,468   20,486   2,477   6,018   0,000   0,000   0,000   633,84      
0,80/28   72,828   241,597   241,597   66,982   0,247   1,095   21,792   19,023   2,300   5,588   0,000   0,000   0,000   665,161      
                                                
ќптимизационные значени€
ar/ћес€ц   S1   S2   S3   S4   S5   S6   S7   S8   S9   S10   Sдоп1   Sдоп2   Sдоп3   —умма      
0,50/13   33,813   70,106   70,106   90,168   0,532   2,359   46,936   40,972   4,955   12,035   0,000   0,000   0,000   354,992      
0,33/14   36,414   50,282   50,282   55,762   0,494   2,191   43,584   38,045   4,601   11,175   0,000   0,000   0,000   277,054      
0,25/15   39,015   40,446   40,446   39,073   0,461   2,045   40,678   35,509   4,294   10,430   0,000   0,000   0,000   237,673      
0,20/15   39,015   32,357   32,357   31,258   0,461   2,045   40,678   35,509   4,294   10,430   0,000   0,000   0,000   213,68      
0,67/13   33,813   93,522   93,522   120,284   0,532   2,359   46,936   40,972   4,955   12,035   0,000   0,000   0,000   431,94      
0,63/13   33,813   87,633   87,633   112,710   0,532   2,359   46,936   40,972   4,955   12,035   0,000   0,000   0,000   412,588      
0,75/13   33,813   105,160   105,160   135,251   0,532   2,359   46,936   40,972   4,955   12,035   0,000   0,000   0,000   470,183      
0,80/12   31,212   103,542   103,542   156,291   0,576   2,556   50,847   44,386   5,368   13,038   0,000   0,000   0,000   492,952      
–ассчет эффективности
ar/ћес€ц   —уп   Ён   Ёос   Ёоб   Ёс   Ёз   Ёq   Ёобщ      
0,50/13   49,32   22,76   0,09   0,05   0,06   0,01   12,00   289,26      
0,33/14   52,30   24,14   0,09   0,05   0,06   0,01   12,00   289,26      
                              
ƒельта и т.д.
ar/ћес€ц   Smax   —умма   ƒельта Smax-—умма      
0,50/28   633,84   458,845   174,995      
0,33/28   633,84   343,996   289,844      
0,25/28   633,84   286,915   346,925      
0,20/28   633,84   252,528   381,312      
0,67/28   633,84   573,695   60,145      
0,63/28   633,84   544,81   89,030      
0,75/28   633,84   630,776   3,064      
0,80/28   633,84   665,161   -31,321      
               
