–езультаты расчета
ar/ћес€ц   S1   S2   S3   S4   S5   S6   S7   S8   S9   S10   Sдоп1   Sдоп2   Sдоп3   —умма      
0,50/ 1   2,975   8,897   8,897   1846,608   6,950   30,670   613,525   702,974   85,010   206,491   0,000   0,000   0,000   3221,496      
0,50/ 2   5,950   17,794   17,794   923,304   3,475   15,335   306,763   351,487   42,505   103,245   0,000   0,000   0,000   1641,902      
0,50/ 3   8,925   26,690   26,690   615,536   2,317   10,223   204,508   234,325   28,337   68,830   0,000   0,000   0,000   1129,214      
0,50/ 4   11,900   35,587   35,587   461,652   1,738   7,667   153,381   175,744   21,253   51,623   0,000   0,000   0,000   883,256      
0,50/ 5   14,875   44,484   44,484   369,322   1,390   6,134   122,705   140,595   17,002   41,298   0,000   0,000   0,000   743,989      
0,50/ 6   17,851   53,381   53,381   307,768   1,158   5,112   102,254   117,162   14,168   34,415   0,000   0,000   0,000   658,067      
0,50/ 7   20,826   62,278   62,278   263,801   0,993   4,381   87,646   100,425   12,144   29,499   0,000   0,000   0,000   602,628      
0,50/ 8   23,801   71,174   71,174   230,826   0,869   3,834   76,691   87,872   10,626   25,811   0,000   0,000   0,000   566,241      
0,50/ 9   26,776   80,071   80,071   205,179   0,772   3,408   68,169   78,108   9,446   22,943   0,000   0,000   0,000   542,554      
0,50/10   29,751   88,968   88,968   184,661   0,695   3,067   61,353   70,297   8,501   20,649   0,000   0,000   0,000   527,76      
0,50/11   32,726   97,865   97,865   167,873   0,632   2,788   55,775   63,907   7,728   18,772   0,000   0,000   0,000   519,431      
0,50/12   35,701   106,762   106,762   153,884   0,579   2,556   51,127   58,581   7,084   17,208   0,000   0,000   0,000   515,952      
0,50/13   38,676   115,658   115,658   142,047   0,535   2,359   47,194   54,075   6,539   15,884   0,000   0,000   0,000   516,202      
0,50/14   41,651   124,555   124,555   131,901   0,496   2,191   43,823   50,212   6,072   14,749   0,000   0,000   0,000   519,384      
0,50/15   44,626   133,452   133,452   123,107   0,463   2,045   40,902   46,865   5,667   13,766   0,000   0,000   0,000   524,912      
0,50/16   47,601   142,349   142,349   115,413   0,434   1,917   38,345   43,936   5,313   12,906   0,000   0,000   0,000   532,344      
0,50/17   50,577   151,246   151,246   108,624   0,409   1,804   36,090   41,351   5,001   12,147   0,000   0,000   0,000   541,347      
0,50/18   53,552   160,142   160,142   102,589   0,386   1,704   34,085   39,054   4,723   11,472   0,000   0,000   0,000   551,654      
0,50/19   56,527   169,039   169,039   97,190   0,366   1,614   32,291   36,999   4,474   10,868   0,000   0,000   0,000   563,065      
0,50/20   59,502   177,936   177,936   92,330   0,348   1,533   30,676   35,149   4,251   10,325   0,000   0,000   0,000   575,41      
0,50/21   62,477   186,833   186,833   87,934   0,331   1,460   29,215   33,475   4,048   9,833   0,000   0,000   0,000   588,558      
0,50/22   65,452   195,730   195,730   83,937   0,316   1,394   27,888   31,953   3,864   9,386   0,000   0,000   0,000   602,4      
0,50/23   68,427   204,626   204,626   80,287   0,302   1,333   26,675   30,564   3,696   8,978   0,000   0,000   0,000   616,84      
0,50/24   71,402   213,523   213,523   76,942   0,290   1,278   25,564   29,291   3,542   8,604   0,000   0,000   0,000   631,813      
0,50/25   74,377   222,420   222,420   73,864   0,278   1,227   24,541   28,119   3,400   8,260   0,000   0,000   0,000   647,246      
0,50/26   77,352   231,317   231,317   71,023   0,267   1,180   23,597   27,037   3,270   7,942   0,000   0,000   0,000   663,09      
0,50/27   80,327   240,214   240,214   68,393   0,257   1,136   22,723   26,036   3,149   7,648   0,000   0,000   0,000   679,3      
0,50/28   83,303   249,110   249,110   65,950   0,248   1,095   21,912   25,106   3,036   7,375   0,000   0,000   0,000   695,834      
0,50/29   86,278   258,007   258,007   63,676   0,240   1,058   21,156   24,240   2,931   7,120   0,000   0,000   0,000   712,662      
0,50/30   89,253   266,904   266,904   61,554   0,232   1,022   20,451   23,432   2,834   6,883   0,000   0,000   0,000   729,752      
0,50/32   95,203   284,698   284,698   57,706   0,217   0,958   19,173   21,968   2,657   6,453   0,000   0,000   0,000   764,621      
0,33/ 1   2,975   5,925   5,925   1229,841   6,950   30,670   613,525   702,974   85,010   206,491   0,000   0,000   0,000   2598,785      
0,33/ 2   5,950   11,851   11,851   614,920   3,475   15,335   306,763   351,487   42,505   103,245   0,000   0,000   0,000   1321,632      
0,33/ 3   8,925   17,776   17,776   409,947   2,317   10,223   204,508   234,325   28,337   68,830   0,000   0,000   0,000   905,797      
0,33/ 4   11,900   23,701   23,701   307,460   1,738   7,667   153,381   175,744   21,253   51,623   0,000   0,000   0,000   705,292      
0,33/ 5   14,875   29,626   29,626   245,968   1,390   6,134   122,705   140,595   17,002   41,298   0,000   0,000   0,000   590,919      
0,33/ 6   17,851   35,552   35,552   204,973   1,158   5,112   102,254   117,162   14,168   34,415   0,000   0,000   0,000   519,614      
0,33/ 7   20,826   41,477   41,477   175,692   0,993   4,381   87,646   100,425   12,144   29,499   0,000   0,000   0,000   472,917      
0,33/ 8   23,801   47,402   47,402   153,730   0,869   3,834   76,691   87,872   10,626   25,811   0,000   0,000   0,000   441,601      
0,33/ 9   26,776   53,327   53,327   136,649   0,772   3,408   68,169   78,108   9,446   22,943   0,000   0,000   0,000   420,536      
0,33/10   29,751   59,253   59,253   122,984   0,695   3,067   61,353   70,297   8,501   20,649   0,000   0,000   0,000   406,653      
0,33/11   32,726   65,178   65,178   111,804   0,632   2,788   55,775   63,907   7,728   18,772   0,000   0,000   0,000   397,988      
0,33/12   35,701   71,103   71,103   102,487   0,579   2,556   51,127   58,581   7,084   17,208   0,000   0,000   0,000   393,237      
0,33/13   38,676   77,028   77,028   94,603   0,535   2,359   47,194   54,075   6,539   15,884   0,000   0,000   0,000   391,498      
0,33/14   41,651   82,954   82,954   87,846   0,496   2,191   43,823   50,212   6,072   14,749   0,000   0,000   0,000   392,127      
0,33/15   44,626   88,879   88,879   81,989   0,463   2,045   40,902   46,865   5,667   13,766   0,000   0,000   0,000   394,648      
0,33/16   47,601   94,804   94,804   76,865   0,434   1,917   38,345   43,936   5,313   12,906   0,000   0,000   0,000   398,706      
0,33/17   50,577   100,730   100,730   72,344   0,409   1,804   36,090   41,351   5,001   12,147   0,000   0,000   0,000   404,035      
0,33/18   53,552   106,655   106,655   68,324   0,386   1,704   34,085   39,054   4,723   11,472   0,000   0,000   0,000   410,415      
0,33/19   56,527   112,580   112,580   64,728   0,366   1,614   32,291   36,999   4,474   10,868   0,000   0,000   0,000   417,685      
0,33/20   59,502   118,505   118,505   61,492   0,348   1,533   30,676   35,149   4,251   10,325   0,000   0,000   0,000   425,71      
0,33/21   62,477   124,431   124,431   58,564   0,331   1,460   29,215   33,475   4,048   9,833   0,000   0,000   0,000   434,384      
0,33/22   65,452   130,356   130,356   55,902   0,316   1,394   27,888   31,953   3,864   9,386   0,000   0,000   0,000   443,617      
0,33/23   68,427   136,281   136,281   53,471   0,302   1,333   26,675   30,564   3,696   8,978   0,000   0,000   0,000   453,334      
0,33/24   71,402   142,206   142,206   51,243   0,290   1,278   25,564   29,291   3,542   8,604   0,000   0,000   0,000   463,48      
0,33/25   74,377   148,132   148,132   49,194   0,278   1,227   24,541   28,119   3,400   8,260   0,000   0,000   0,000   474      
0,33/26   77,352   154,057   154,057   47,302   0,267   1,180   23,597   27,037   3,270   7,942   0,000   0,000   0,000   484,849      
0,33/27   80,327   159,982   159,982   45,550   0,257   1,136   22,723   26,036   3,149   7,648   0,000   0,000   0,000   495,993      
0,33/28   83,303   165,908   165,908   43,923   0,248   1,095   21,912   25,106   3,036   7,375   0,000   0,000   0,000   507,403      
0,33/29   86,278   171,833   171,833   42,408   0,240   1,058   21,156   24,240   2,931   7,120   0,000   0,000   0,000   519,046      
0,33/30   89,253   177,758   177,758   40,995   0,232   1,022   20,451   23,432   2,834   6,883   0,000   0,000   0,000   530,901      
0,33/32   95,203   189,609   189,609   38,433   0,217   0,958   19,173   21,968   2,657   6,453   0,000   0,000   0,000   555,17      
0,25/ 1   2,975   4,448   4,448   923,304   6,950   30,670   613,525   702,974   85,010   206,491   0,000   0,000   0,000   2289,294      
0,25/ 2   5,950   8,897   8,897   461,652   3,475   15,335   306,763   351,487   42,505   103,245   0,000   0,000   0,000   1162,456      
0,25/ 3   8,925   13,345   13,345   307,768   2,317   10,223   204,508   234,325   28,337   68,830   0,000   0,000   0,000   794,756      
0,25/ 4   11,900   17,794   17,794   230,826   1,738   7,667   153,381   175,744   21,253   51,623   0,000   0,000   0,000   616,844      
0,25/ 5   14,875   22,242   22,242   184,661   1,390   6,134   122,705   140,595   17,002   41,298   0,000   0,000   0,000   514,844      
0,25/ 6   17,851   26,690   26,690   153,884   1,158   5,112   102,254   117,162   14,168   34,415   0,000   0,000   0,000   450,801      
0,25/ 7   20,826   31,139   31,139   131,901   0,993   4,381   87,646   100,425   12,144   29,499   0,000   0,000   0,000   408,45      
0,25/ 8   23,801   35,587   35,587   115,413   0,869   3,834   76,691   87,872   10,626   25,811   0,000   0,000   0,000   379,654      
0,25/ 9   26,776   40,036   40,036   102,589   0,772   3,408   68,169   78,108   9,446   22,943   0,000   0,000   0,000   359,894      
0,25/10   29,751   44,484   44,484   92,330   0,695   3,067   61,353   70,297   8,501   20,649   0,000   0,000   0,000   346,461      
0,25/11   32,726   48,932   48,932   83,937   0,632   2,788   55,775   63,907   7,728   18,772   0,000   0,000   0,000   337,629      
0,25/12   35,701   53,381   53,381   76,942   0,579   2,556   51,127   58,581   7,084   17,208   0,000   0,000   0,000   332,248      
0,25/13   38,676   57,829   57,829   71,023   0,535   2,359   47,194   54,075   6,539   15,884   0,000   0,000   0,000   329,52      
0,25/14   41,651   62,278   62,278   65,950   0,496   2,191   43,823   50,212   6,072   14,749   0,000   0,000   0,000   328,879      
0,25/15   44,626   66,726   66,726   61,554   0,463   2,045   40,902   46,865   5,667   13,766   0,000   0,000   0,000   329,907      
0,25/16   47,601   71,174   71,174   57,706   0,434   1,917   38,345   43,936   5,313   12,906   0,000   0,000   0,000   332,287      
0,25/17   50,577   75,623   75,623   54,312   0,409   1,804   36,090   41,351   5,001   12,147   0,000   0,000   0,000   335,789      
0,25/18   53,552   80,071   80,071   51,295   0,386   1,704   34,085   39,054   4,723   11,472   0,000   0,000   0,000   340,218      
0,25/19   56,527   84,520   84,520   48,595   0,366   1,614   32,291   36,999   4,474   10,868   0,000   0,000   0,000   345,432      
0,25/20   59,502   88,968   88,968   46,165   0,348   1,533   30,676   35,149   4,251   10,325   0,000   0,000   0,000   351,309      
0,25/21   62,477   93,416   93,416   43,967   0,331   1,460   29,215   33,475   4,048   9,833   0,000   0,000   0,000   357,757      
0,25/22   65,452   97,865   97,865   41,968   0,316   1,394   27,888   31,953   3,864   9,386   0,000   0,000   0,000   364,701      
0,25/23   68,427   102,313   102,313   40,144   0,302   1,333   26,675   30,564   3,696   8,978   0,000   0,000   0,000   372,071      
0,25/24   71,402   106,762   106,762   38,471   0,290   1,278   25,564   29,291   3,542   8,604   0,000   0,000   0,000   379,82      
0,25/25   74,377   111,210   111,210   36,932   0,278   1,227   24,541   28,119   3,400   8,260   0,000   0,000   0,000   387,894      
0,25/26   77,352   115,658   115,658   35,512   0,267   1,180   23,597   27,037   3,270   7,942   0,000   0,000   0,000   396,261      
0,25/27   80,327   120,107   120,107   34,196   0,257   1,136   22,723   26,036   3,149   7,648   0,000   0,000   0,000   404,889      
0,25/28   83,303   124,555   124,555   32,975   0,248   1,095   21,912   25,106   3,036   7,375   0,000   0,000   0,000   413,749      
0,25/29   86,278   129,004   129,004   31,838   0,240   1,058   21,156   24,240   2,931   7,120   0,000   0,000   0,000   422,818      
0,25/30   89,253   133,452   133,452   30,777   0,232   1,022   20,451   23,432   2,834   6,883   0,000   0,000   0,000   432,071      
0,25/32   95,203   142,349   142,349   28,853   0,217   0,958   19,173   21,968   2,657   6,453   0,000   0,000   0,000   451,07      
0,20/ 1   2,975   3,559   3,559   738,643   6,950   30,670   613,525   702,974   85,010   206,491   0,000   0,000   0,000   2102,855      
0,20/ 2   5,950   7,117   7,117   369,322   3,475   15,335   306,763   351,487   42,505   103,245   0,000   0,000   0,000   1066,566      
0,20/ 3   8,925   10,676   10,676   246,214   2,317   10,223   204,508   234,325   28,337   68,830   0,000   0,000   0,000   727,864      
0,20/ 4   11,900   14,235   14,235   184,661   1,738   7,667   153,381   175,744   21,253   51,623   0,000   0,000   0,000   563,561      
0,20/ 5   14,875   17,794   17,794   147,729   1,390   6,134   122,705   140,595   17,002   41,298   0,000   0,000   0,000   469,016      
0,20/ 6   17,851   21,352   21,352   123,107   1,158   5,112   102,254   117,162   14,168   34,415   0,000   0,000   0,000   409,348      
0,20/ 7   20,826   24,911   24,911   105,520   0,993   4,381   87,646   100,425   12,144   29,499   0,000   0,000   0,000   369,613      
0,20/ 8   23,801   28,470   28,470   92,330   0,869   3,834   76,691   87,872   10,626   25,811   0,000   0,000   0,000   342,337      
0,20/ 9   26,776   32,028   32,028   82,071   0,772   3,408   68,169   78,108   9,446   22,943   0,000   0,000   0,000   323,36      
0,20/10   29,751   35,587   35,587   73,864   0,695   3,067   61,353   70,297   8,501   20,649   0,000   0,000   0,000   310,201      
0,20/11   32,726   39,146   39,146   67,149   0,632   2,788   55,775   63,907   7,728   18,772   0,000   0,000   0,000   301,269      
0,20/12   35,701   42,705   42,705   61,554   0,579   2,556   51,127   58,581   7,084   17,208   0,000   0,000   0,000   295,508      
0,20/13   38,676   46,263   46,263   56,819   0,535   2,359   47,194   54,075   6,539   15,884   0,000   0,000   0,000   292,184      
0,20/14   41,651   49,822   49,822   52,760   0,496   2,191   43,823   50,212   6,072   14,749   0,000   0,000   0,000   290,777      
0,20/15   44,626   53,381   53,381   49,243   0,463   2,045   40,902   46,865   5,667   13,766   0,000   0,000   0,000   290,906      
0,20/16   47,601   56,940   56,940   46,165   0,434   1,917   38,345   43,936   5,313   12,906   0,000   0,000   0,000   292,278      
0,20/17   50,577   60,498   60,498   43,450   0,409   1,804   36,090   41,351   5,001   12,147   0,000   0,000   0,000   294,677      
0,20/18   53,552   64,057   64,057   41,036   0,386   1,704   34,085   39,054   4,723   11,472   0,000   0,000   0,000   297,931      
0,20/19   56,527   67,616   67,616   38,876   0,366   1,614   32,291   36,999   4,474   10,868   0,000   0,000   0,000   301,905      
0,20/20   59,502   71,174   71,174   36,932   0,348   1,533   30,676   35,149   4,251   10,325   0,000   0,000   0,000   306,488      
0,20/21   62,477   74,733   74,733   35,173   0,331   1,460   29,215   33,475   4,048   9,833   0,000   0,000   0,000   311,597      
0,20/22   65,452   78,292   78,292   33,575   0,316   1,394   27,888   31,953   3,864   9,386   0,000   0,000   0,000   317,162      
0,20/23   68,427   81,851   81,851   32,115   0,302   1,333   26,675   30,564   3,696   8,978   0,000   0,000   0,000   323,118      
0,20/24   71,402   85,409   85,409   30,777   0,290   1,278   25,564   29,291   3,542   8,604   0,000   0,000   0,000   329,42      
0,20/25   74,377   88,968   88,968   29,546   0,278   1,227   24,541   28,119   3,400   8,260   0,000   0,000   0,000   336,024      
0,20/26   77,352   92,527   92,527   28,409   0,267   1,180   23,597   27,037   3,270   7,942   0,000   0,000   0,000   342,896      
0,20/27   80,327   96,085   96,085   27,357   0,257   1,136   22,723   26,036   3,149   7,648   0,000   0,000   0,000   350,006      
0,20/28   83,303   99,644   99,644   26,380   0,248   1,095   21,912   25,106   3,036   7,375   0,000   0,000   0,000   357,332      
0,20/29   86,278   103,203   103,203   25,470   0,240   1,058   21,156   24,240   2,931   7,120   0,000   0,000   0,000   364,848      
0,20/30   89,253   106,762   106,762   24,621   0,232   1,022   20,451   23,432   2,834   6,883   0,000   0,000   0,000   372,535      
0,20/32   95,203   113,879   113,879   23,083   0,217   0,958   19,173   21,968   2,657   6,453   0,000   0,000   0,000   388,36      
0,67/ 1   2,975   11,868   11,868   2463,374   6,950   30,670   613,525   702,974   85,010   206,491   0,000   0,000   0,000   3844,204      
0,67/ 2   5,950   23,737   23,737   1231,687   3,475   15,335   306,763   351,487   42,505   103,245   0,000   0,000   0,000   1962,171      
0,67/ 3   8,925   35,605   35,605   821,125   2,317   10,223   204,508   234,325   28,337   68,830   0,000   0,000   0,000   1352,633      
0,67/ 4   11,900   47,473   47,473   615,844   1,738   7,667   153,381   175,744   21,253   51,623   0,000   0,000   0,000   1061,22      
0,67/ 5   14,875   59,342   59,342   492,675   1,390   6,134   122,705   140,595   17,002   41,298   0,000   0,000   0,000   897,058      
0,67/ 6   17,851   71,210   71,210   410,562   1,158   5,112   102,254   117,162   14,168   34,415   0,000   0,000   0,000   796,519      
0,67/ 7   20,826   83,078   83,078   351,911   0,993   4,381   87,646   100,425   12,144   29,499   0,000   0,000   0,000   732,338      
0,67/ 8   23,801   94,947   94,947   307,922   0,869   3,834   76,691   87,872   10,626   25,811   0,000   0,000   0,000   690,883      
0,67/ 9   26,776   106,815   106,815   273,708   0,772   3,408   68,169   78,108   9,446   22,943   0,000   0,000   0,000   664,571      
0,67/10   29,751   118,683   118,683   246,337   0,695   3,067   61,353   70,297   8,501   20,649   0,000   0,000   0,000   648,866      
0,67/11   32,726   130,552   130,552   223,943   0,632   2,788   55,775   63,907   7,728   18,772   0,000   0,000   0,000   640,875      
0,67/12   35,701   142,420   142,420   205,281   0,579   2,556   51,127   58,581   7,084   17,208   0,000   0,000   0,000   638,665      
0,67/13   38,676   154,288   154,288   189,490   0,535   2,359   47,194   54,075   6,539   15,884   0,000   0,000   0,000   640,905      
0,67/14   41,651   166,157   166,157   175,955   0,496   2,191   43,823   50,212   6,072   14,749   0,000   0,000   0,000   646,642      
0,67/15   44,626   178,025   178,025   164,225   0,463   2,045   40,902   46,865   5,667   13,766   0,000   0,000   0,000   655,176      
0,67/16   47,601   189,893   189,893   153,961   0,434   1,917   38,345   43,936   5,313   12,906   0,000   0,000   0,000   665,98      
0,67/17   50,577   201,762   201,762   144,904   0,409   1,804   36,090   41,351   5,001   12,147   0,000   0,000   0,000   678,659      
0,67/18   53,552   213,630   213,630   136,854   0,386   1,704   34,085   39,054   4,723   11,472   0,000   0,000   0,000   692,895      
0,67/19   56,527   225,498   225,498   129,651   0,366   1,614   32,291   36,999   4,474   10,868   0,000   0,000   0,000   708,444      
0,67/20   59,502   237,367   237,367   123,169   0,348   1,533   30,676   35,149   4,251   10,325   0,000   0,000   0,000   725,111      
0,67/21   62,477   249,235   249,235   117,304   0,331   1,460   29,215   33,475   4,048   9,833   0,000   0,000   0,000   742,732      
0,67/22   65,452   261,103   261,103   111,972   0,316   1,394   27,888   31,953   3,864   9,386   0,000   0,000   0,000   761,181      
0,67/23   68,427   272,972   272,972   107,103   0,302   1,333   26,675   30,564   3,696   8,978   0,000   0,000   0,000   780,348      
0,67/24   71,402   284,840   284,840   102,641   0,290   1,278   25,564   29,291   3,542   8,604   0,000   0,000   0,000   800,146      
0,67/25   74,377   296,708   296,708   98,535   0,278   1,227   24,541   28,119   3,400   8,260   0,000   0,000   0,000   820,493      
0,67/26   77,352   308,577   308,577   94,745   0,267   1,180   23,597   27,037   3,270   7,942   0,000   0,000   0,000   841,332      
0,67/27   80,327   320,445   320,445   91,236   0,257   1,136   22,723   26,036   3,149   7,648   0,000   0,000   0,000   862,605      
0,67/28   83,303   332,313   332,313   87,978   0,248   1,095   21,912   25,106   3,036   7,375   0,000   0,000   0,000   884,268      
0,67/29   86,278   344,182   344,182   84,944   0,240   1,058   21,156   24,240   2,931   7,120   0,000   0,000   0,000   906,28      
0,67/30   89,253   356,050   356,050   82,112   0,232   1,022   20,451   23,432   2,834   6,883   0,000   0,000   0,000   928,602      
0,67/32   95,203   379,787   379,787   76,980   0,217   0,958   19,173   21,968   2,657   6,453   0,000   0,000   0,000   974,073      
0,63/ 1   2,975   11,121   11,121   2308,259   6,950   30,670   613,525   702,974   85,010   206,491   0,000   0,000   0,000   3687,595      
0,63/ 2   5,950   22,242   22,242   1154,130   3,475   15,335   306,763   351,487   42,505   103,245   0,000   0,000   0,000   1881,624      
0,63/ 3   8,925   33,363   33,363   769,420   2,317   10,223   204,508   234,325   28,337   68,830   0,000   0,000   0,000   1296,444      
0,63/ 4   11,900   44,484   44,484   577,065   1,738   7,667   153,381   175,744   21,253   51,623   0,000   0,000   0,000   1016,463      
0,63/ 5   14,875   55,605   55,605   461,652   1,390   6,134   122,705   140,595   17,002   41,298   0,000   0,000   0,000   858,561      
0,63/ 6   17,851   66,726   66,726   384,710   1,158   5,112   102,254   117,162   14,168   34,415   0,000   0,000   0,000   761,699      
0,63/ 7   20,826   77,847   77,847   329,751   0,993   4,381   87,646   100,425   12,144   29,499   0,000   0,000   0,000   699,716      
0,63/ 8   23,801   88,968   88,968   288,532   0,869   3,834   76,691   87,872   10,626   25,811   0,000   0,000   0,000   659,535      
0,63/ 9   26,776   100,089   100,089   256,473   0,772   3,408   68,169   78,108   9,446   22,943   0,000   0,000   0,000   633,884      
0,63/10   29,751   111,210   111,210   230,826   0,695   3,067   61,353   70,297   8,501   20,649   0,000   0,000   0,000   618,409      
0,63/11   32,726   122,331   122,331   209,842   0,632   2,788   55,775   63,907   7,728   18,772   0,000   0,000   0,000   610,332      
0,63/12   35,701   133,452   133,452   192,355   0,579   2,556   51,127   58,581   7,084   17,208   0,000   0,000   0,000   607,803      
0,63/13   38,676   144,573   144,573   177,558   0,535   2,359   47,194   54,075   6,539   15,884   0,000   0,000   0,000   609,543      
0,63/14   41,651   155,694   155,694   164,876   0,496   2,191   43,823   50,212   6,072   14,749   0,000   0,000   0,000   614,637      
0,63/15   44,626   166,815   166,815   153,884   0,463   2,045   40,902   46,865   5,667   13,766   0,000   0,000   0,000   622,415      
0,63/16   47,601   177,936   177,936   144,266   0,434   1,917   38,345   43,936   5,313   12,906   0,000   0,000   0,000   632,371      
0,63/17   50,577   189,057   189,057   135,780   0,409   1,804   36,090   41,351   5,001   12,147   0,000   0,000   0,000   644,125      
0,63/18   53,552   200,178   200,178   128,237   0,386   1,704   34,085   39,054   4,723   11,472   0,000   0,000   0,000   657,374      
0,63/19   56,527   211,299   211,299   121,487   0,366   1,614   32,291   36,999   4,474   10,868   0,000   0,000   0,000   671,882      
0,63/20   59,502   222,420   222,420   115,413   0,348   1,533   30,676   35,149   4,251   10,325   0,000   0,000   0,000   687,461      
0,63/21   62,477   233,541   233,541   109,917   0,331   1,460   29,215   33,475   4,048   9,833   0,000   0,000   0,000   703,957      
0,63/22   65,452   244,662   244,662   104,921   0,316   1,394   27,888   31,953   3,864   9,386   0,000   0,000   0,000   721,248      
0,63/23   68,427   255,783   255,783   100,359   0,302   1,333   26,675   30,564   3,696   8,978   0,000   0,000   0,000   739,226      
0,63/24   71,402   266,904   266,904   96,177   0,290   1,278   25,564   29,291   3,542   8,604   0,000   0,000   0,000   757,81      
0,63/25   74,377   278,025   278,025   92,330   0,278   1,227   24,541   28,119   3,400   8,260   0,000   0,000   0,000   776,922      
0,63/26   77,352   289,146   289,146   88,779   0,267   1,180   23,597   27,037   3,270   7,942   0,000   0,000   0,000   796,504      
0,63/27   80,327   300,267   300,267   85,491   0,257   1,136   22,723   26,036   3,149   7,648   0,000   0,000   0,000   816,504      
0,63/28   83,303   311,388   311,388   82,438   0,248   1,095   21,912   25,106   3,036   7,375   0,000   0,000   0,000   836,878      
0,63/29   86,278   322,509   322,509   79,595   0,240   1,058   21,156   24,240   2,931   7,120   0,000   0,000   0,000   857,585      
0,63/30   89,253   333,630   333,630   76,942   0,232   1,022   20,451   23,432   2,834   6,883   0,000   0,000   0,000   878,592      
0,63/32   95,203   355,872   355,872   72,133   0,217   0,958   19,173   21,968   2,657   6,453   0,000   0,000   0,000   921,396      
0,75/ 1   2,975   13,345   13,345   2769,911   6,950   30,670   613,525   702,974   85,010   206,491   0,000   0,000   0,000   4153,695      
0,75/ 2   5,950   26,690   26,690   1384,956   3,475   15,335   306,763   351,487   42,505   103,245   0,000   0,000   0,000   2121,346      
0,75/ 3   8,925   40,036   40,036   923,304   2,317   10,223   204,508   234,325   28,337   68,830   0,000   0,000   0,000   1463,674      
0,75/ 4   11,900   53,381   53,381   692,478   1,738   7,667   153,381   175,744   21,253   51,623   0,000   0,000   0,000   1149,67      
0,75/ 5   14,875   66,726   66,726   553,982   1,390   6,134   122,705   140,595   17,002   41,298   0,000   0,000   0,000   973,133      
0,75/ 6   17,851   80,071   80,071   461,652   1,158   5,112   102,254   117,162   14,168   34,415   0,000   0,000   0,000   865,331      
0,75/ 7   20,826   93,416   93,416   395,702   0,993   4,381   87,646   100,425   12,144   29,499   0,000   0,000   0,000   796,805      
0,75/ 8   23,801   106,762   106,762   346,239   0,869   3,834   76,691   87,872   10,626   25,811   0,000   0,000   0,000   752,83      
0,75/ 9   26,776   120,107   120,107   307,768   0,772   3,408   68,169   78,108   9,446   22,943   0,000   0,000   0,000   725,215      
0,75/10   29,751   133,452   133,452   276,991   0,695   3,067   61,353   70,297   8,501   20,649   0,000   0,000   0,000   709,058      
0,75/11   32,726   146,797   146,797   251,810   0,632   2,788   55,775   63,907   7,728   18,772   0,000   0,000   0,000   701,232      
0,75/12   35,701   160,142   160,142   230,826   0,579   2,556   51,127   58,581   7,084   17,208   0,000   0,000   0,000   699,654      
0,75/13   38,676   173,488   173,488   213,070   0,535   2,359   47,194   54,075   6,539   15,884   0,000   0,000   0,000   702,885      
0,75/14   41,651   186,833   186,833   197,851   0,496   2,191   43,823   50,212   6,072   14,749   0,000   0,000   0,000   709,89      
0,75/15   44,626   200,178   200,178   184,661   0,463   2,045   40,902   46,865   5,667   13,766   0,000   0,000   0,000   719,918      
0,75/16   47,601   213,523   213,523   173,119   0,434   1,917   38,345   43,936   5,313   12,906   0,000   0,000   0,000   732,398      
0,75/17   50,577   226,868   226,868   162,936   0,409   1,804   36,090   41,351   5,001   12,147   0,000   0,000   0,000   746,903      
0,75/18   53,552   240,214   240,214   153,884   0,386   1,704   34,085   39,054   4,723   11,472   0,000   0,000   0,000   763,093      
0,75/19   56,527   253,559   253,559   145,785   0,366   1,614   32,291   36,999   4,474   10,868   0,000   0,000   0,000   780,7      
0,75/20   59,502   266,904   266,904   138,496   0,348   1,533   30,676   35,149   4,251   10,325   0,000   0,000   0,000   799,512      
0,75/21   62,477   280,249   280,249   131,901   0,331   1,460   29,215   33,475   4,048   9,833   0,000   0,000   0,000   819,357      
0,75/22   65,452   293,594   293,594   125,905   0,316   1,394   27,888   31,953   3,864   9,386   0,000   0,000   0,000   840,096      
0,75/23   68,427   306,940   306,940   120,431   0,302   1,333   26,675   30,564   3,696   8,978   0,000   0,000   0,000   861,612      
0,75/24   71,402   320,285   320,285   115,413   0,290   1,278   25,564   29,291   3,542   8,604   0,000   0,000   0,000   883,808      
0,75/25   74,377   333,630   333,630   110,796   0,278   1,227   24,541   28,119   3,400   8,260   0,000   0,000   0,000   906,598      
0,75/26   77,352   346,975   346,975   106,535   0,267   1,180   23,597   27,037   3,270   7,942   0,000   0,000   0,000   929,918      
0,75/27   80,327   360,320   360,320   102,589   0,257   1,136   22,723   26,036   3,149   7,648   0,000   0,000   0,000   953,708      
0,75/28   83,303   373,666   373,666   98,925   0,248   1,095   21,912   25,106   3,036   7,375   0,000   0,000   0,000   977,921      
0,75/29   86,278   387,011   387,011   95,514   0,240   1,058   21,156   24,240   2,931   7,120   0,000   0,000   0,000   1002,508      
0,75/30   89,253   400,356   400,356   92,330   0,232   1,022   20,451   23,432   2,834   6,883   0,000   0,000   0,000   1027,432      
0,75/32   95,203   427,046   427,046   86,560   0,217   0,958   19,173   21,968   2,657   6,453   0,000   0,000   0,000   1078,171      
0,80/ 1   2,975   14,235   14,235   2954,572   6,950   30,670   613,525   702,974   85,010   206,491   0,000   0,000   0,000   4340,136      
0,80/ 2   5,950   28,470   28,470   1477,286   3,475   15,335   306,763   351,487   42,505   103,245   0,000   0,000   0,000   2217,236      
0,80/ 3   8,925   42,705   42,705   984,857   2,317   10,223   204,508   234,325   28,337   68,830   0,000   0,000   0,000   1530,565      
0,80/ 4   11,900   56,940   56,940   738,643   1,738   7,667   153,381   175,744   21,253   51,623   0,000   0,000   0,000   1202,953      
0,80/ 5   14,875   71,174   71,174   590,914   1,390   6,134   122,705   140,595   17,002   41,298   0,000   0,000   0,000   1018,961      
0,80/ 6   17,851   85,409   85,409   492,429   1,158   5,112   102,254   117,162   14,168   34,415   0,000   0,000   0,000   906,784      
0,80/ 7   20,826   99,644   99,644   422,082   0,993   4,381   87,646   100,425   12,144   29,499   0,000   0,000   0,000   835,641      
0,80/ 8   23,801   113,879   113,879   369,322   0,869   3,834   76,691   87,872   10,626   25,811   0,000   0,000   0,000   790,147      
0,80/ 9   26,776   128,114   128,114   328,286   0,772   3,408   68,169   78,108   9,446   22,943   0,000   0,000   0,000   761,747      
0,80/10   29,751   142,349   142,349   295,457   0,695   3,067   61,353   70,297   8,501   20,649   0,000   0,000   0,000   745,318      
0,80/11   32,726   156,584   156,584   268,597   0,632   2,788   55,775   63,907   7,728   18,772   0,000   0,000   0,000   737,593      
0,80/12   35,701   170,819   170,819   246,214   0,579   2,556   51,127   58,581   7,084   17,208   0,000   0,000   0,000   736,396      
0,80/13   38,676   185,053   185,053   227,275   0,535   2,359   47,194   54,075   6,539   15,884   0,000   0,000   0,000   740,22      
0,80/14   41,651   199,288   199,288   211,041   0,496   2,191   43,823   50,212   6,072   14,749   0,000   0,000   0,000   747,99      
0,80/15   44,626   213,523   213,523   196,971   0,463   2,045   40,902   46,865   5,667   13,766   0,000   0,000   0,000   758,918      
0,80/16   47,601   227,758   227,758   184,661   0,434   1,917   38,345   43,936   5,313   12,906   0,000   0,000   0,000   772,41      
0,80/17   50,577   241,993   241,993   173,798   0,409   1,804   36,090   41,351   5,001   12,147   0,000   0,000   0,000   788,015      
0,80/18   53,552   256,228   256,228   164,143   0,386   1,704   34,085   39,054   4,723   11,472   0,000   0,000   0,000   805,38      
0,80/19   56,527   270,463   270,463   155,504   0,366   1,614   32,291   36,999   4,474   10,868   0,000   0,000   0,000   824,227      
0,80/20   59,502   284,698   284,698   147,729   0,348   1,533   30,676   35,149   4,251   10,325   0,000   0,000   0,000   844,333      
0,80/21   62,477   298,932   298,932   140,694   0,331   1,460   29,215   33,475   4,048   9,833   0,000   0,000   0,000   865,516      
0,80/22   65,452   313,167   313,167   134,299   0,316   1,394   27,888   31,953   3,864   9,386   0,000   0,000   0,000   887,636      
0,80/23   68,427   327,402   327,402   128,460   0,302   1,333   26,675   30,564   3,696   8,978   0,000   0,000   0,000   910,565      
0,80/24   71,402   341,637   341,637   123,107   0,290   1,278   25,564   29,291   3,542   8,604   0,000   0,000   0,000   934,206      
0,80/25   74,377   355,872   355,872   118,183   0,278   1,227   24,541   28,119   3,400   8,260   0,000   0,000   0,000   958,469      
0,80/26   77,352   370,107   370,107   113,637   0,267   1,180   23,597   27,037   3,270   7,942   0,000   0,000   0,000   983,284      
0,80/27   80,327   384,342   384,342   109,429   0,257   1,136   22,723   26,036   3,149   7,648   0,000   0,000   0,000   1008,592      
0,80/28   83,303   398,577   398,577   105,520   0,248   1,095   21,912   25,106   3,036   7,375   0,000   0,000   0,000   1034,338      
0,80/29   86,278   412,812   412,812   101,882   0,240   1,058   21,156   24,240   2,931   7,120   0,000   0,000   0,000   1060,478      
0,80/30   89,253   427,046   427,046   98,486   0,232   1,022   20,451   23,432   2,834   6,883   0,000   0,000   0,000   1086,968      
0,80/32   95,203   455,516   455,516   92,330   0,217   0,958   19,173   21,968   2,657   6,453   0,000   0,000   0,000   1140,881      
                                                
ќптимизационные значени€
ar/ћес€ц   S1   S2   S3   S4   S5   S6   S7   S8   S9   S10   Sдоп1   Sдоп2   Sдоп3   —умма      
0,50/12   35,701   106,762   106,762   153,884   0,579   2,556   51,127   58,581   7,084   17,208   0,000   0,000   0,000   515,952      
0,33/13   38,676   77,028   77,028   94,603   0,535   2,359   47,194   54,075   6,539   15,884   0,000   0,000   0,000   391,498      
0,25/14   41,651   62,278   62,278   65,950   0,496   2,191   43,823   50,212   6,072   14,749   0,000   0,000   0,000   328,879      
0,20/14   41,651   49,822   49,822   52,760   0,496   2,191   43,823   50,212   6,072   14,749   0,000   0,000   0,000   290,777      
0,67/12   35,701   142,420   142,420   205,281   0,579   2,556   51,127   58,581   7,084   17,208   0,000   0,000   0,000   638,665      
0,63/12   35,701   133,452   133,452   192,355   0,579   2,556   51,127   58,581   7,084   17,208   0,000   0,000   0,000   607,803      
0,75/12   35,701   160,142   160,142   230,826   0,579   2,556   51,127   58,581   7,084   17,208   0,000   0,000   0,000   699,654      
0,80/12   35,701   170,819   170,819   246,214   0,579   2,556   51,127   58,581   7,084   17,208   0,000   0,000   0,000   736,396      
                                                
–асчет эффективности
ar/ћес€ц   —уп   Ён   Ёос   Ёоб   Ёс   Ёз   Ёq   Ёобщ      
0,50/12   94,37   53,47   0,14   0,07   0,11   0,02   12,07   403,90      
0,33/13   99,11   56,16   0,14   0,07   0,11   0,02   12,07   403,90      
                              
ƒельта и т.д.
ar/ћес€ц   Smax   —умма   ƒельта Smax-—умма      
0,50/32   1086,968   764,621   322,347      
0,33/32   1086,968   555,17   531,798      
0,25/32   1086,968   451,07   635,898      
0,20/32   1086,968   388,36   698,608      
0,67/32   1086,968   974,073   112,895      
0,63/32   1086,968   921,396   165,572      
0,75/32   1086,968   1078,171   8,797      
0,80/32   1086,968   1140,881   -53,913      
               
