–езультаты расчета
ar/ћес€ц   S1   S2   S3   S4   S5   S6   S7   S8   S9   S10   Sдоп1   Sдоп2   Sдоп3   —умма      
0,50/ 1   1,366   2,070   2,070   328,742   5,153   30,670   454,881   204,414   24,720   60,044   0,000   0,000   0,000   1029,366      
0,50/ 2   2,732   4,139   4,139   164,371   2,576   15,335   227,441   102,207   12,360   30,022   0,000   0,000   0,000   522,94      
0,50/ 3   4,098   6,209   6,209   109,581   1,718   10,223   151,627   68,138   8,240   20,015   0,000   0,000   0,000   357,803      
0,50/ 4   5,464   8,279   8,279   82,185   1,288   7,667   113,720   51,103   6,180   15,011   0,000   0,000   0,000   277,985      
0,50/ 5   6,830   10,348   10,348   65,748   1,031   6,134   90,976   40,883   4,944   12,009   0,000   0,000   0,000   232,298      
0,50/ 6   8,196   12,418   12,418   54,790   0,859   5,112   75,814   34,069   4,120   10,007   0,000   0,000   0,000   203,676      
0,50/ 7   9,562   14,487   14,487   46,963   0,736   4,381   64,983   29,202   3,531   8,578   0,000   0,000   0,000   184,801      
0,50/ 8   10,928   16,557   16,557   41,093   0,644   3,834   56,860   25,552   3,090   7,506   0,000   0,000   0,000   172,025      
0,50/ 9   12,294   18,627   18,627   36,527   0,573   3,408   50,542   22,713   2,747   6,672   0,000   0,000   0,000   163,311      
0,50/10   13,660   20,696   20,696   32,874   0,515   3,067   45,488   20,441   2,472   6,004   0,000   0,000   0,000   157,437      
0,50/11   15,026   22,766   22,766   29,886   0,468   2,788   41,353   18,583   2,247   5,459   0,000   0,000   0,000   153,636      
0,50/12   16,392   24,836   24,836   27,395   0,429   2,556   37,907   17,034   2,060   5,004   0,000   0,000   0,000   151,385      
0,50/13   17,758   26,905   26,905   25,288   0,396   2,359   34,991   15,724   1,902   4,619   0,000   0,000   0,000   150,326      
0,50/14   19,123   28,975   28,975   23,482   0,368   2,191   32,492   14,601   1,766   4,289   0,000   0,000   0,000   150,207      
0,50/15   20,489   31,045   31,045   21,916   0,344   2,045   30,325   13,628   1,648   4,003   0,000   0,000   0,000   150,837      
0,50/16   21,855   33,114   33,114   20,546   0,322   1,917   28,430   12,776   1,545   3,753   0,000   0,000   0,000   152,074      
0,50/17   23,221   35,184   35,184   19,338   0,303   1,804   26,758   12,024   1,454   3,532   0,000   0,000   0,000   153,816      
0,50/18   24,587   37,254   37,254   18,263   0,286   1,704   25,271   11,356   1,373   3,336   0,000   0,000   0,000   155,975      
0,50/19   25,953   39,323   39,323   17,302   0,271   1,614   23,941   10,759   1,301   3,160   0,000   0,000   0,000   158,486      
0,33/ 1   1,366   1,378   1,378   218,942   5,153   30,670   454,881   204,414   24,720   60,044   0,000   0,000   0,000   918,182      
0,33/ 2   2,732   2,757   2,757   109,471   2,576   15,335   227,441   102,207   12,360   30,022   0,000   0,000   0,000   465,276      
0,33/ 3   4,098   4,135   4,135   72,981   1,718   10,223   151,627   68,138   8,240   20,015   0,000   0,000   0,000   317,055      
0,33/ 4   5,464   5,514   5,514   54,735   1,288   7,667   113,720   51,103   6,180   15,011   0,000   0,000   0,000   245,005      
0,33/ 5   6,830   6,892   6,892   43,788   1,031   6,134   90,976   40,883   4,944   12,009   0,000   0,000   0,000   203,426      
0,33/ 6   8,196   8,270   8,270   36,490   0,859   5,112   75,814   34,069   4,120   10,007   0,000   0,000   0,000   177,08      
0,33/ 7   9,562   9,649   9,649   31,277   0,736   4,381   64,983   29,202   3,531   8,578   0,000   0,000   0,000   159,439      
0,33/ 8   10,928   11,027   11,027   27,368   0,644   3,834   56,860   25,552   3,090   7,506   0,000   0,000   0,000   147,24      
0,33/ 9   12,294   12,405   12,405   24,327   0,573   3,408   50,542   22,713   2,747   6,672   0,000   0,000   0,000   138,667      
0,33/10   13,660   13,784   13,784   21,894   0,515   3,067   45,488   20,441   2,472   6,004   0,000   0,000   0,000   132,633      
0,33/11   15,026   15,162   15,162   19,904   0,468   2,788   41,353   18,583   2,247   5,459   0,000   0,000   0,000   128,446      
0,33/12   16,392   16,541   16,541   18,245   0,429   2,556   37,907   17,034   2,060   5,004   0,000   0,000   0,000   125,645      
0,33/13   17,758   17,919   17,919   16,842   0,396   2,359   34,991   15,724   1,902   4,619   0,000   0,000   0,000   123,908      
0,33/14   19,123   19,297   19,297   15,639   0,368   2,191   32,492   14,601   1,766   4,289   0,000   0,000   0,000   123,008      
0,33/15   20,489   20,676   20,676   14,596   0,344   2,045   30,325   13,628   1,648   4,003   0,000   0,000   0,000   122,779      
0,33/16   21,855   22,054   22,054   13,684   0,322   1,917   28,430   12,776   1,545   3,753   0,000   0,000   0,000   123,092      
0,33/17   23,221   23,432   23,432   12,879   0,303   1,804   26,758   12,024   1,454   3,532   0,000   0,000   0,000   123,853      
0,33/18   24,587   24,811   24,811   12,163   0,286   1,704   25,271   11,356   1,373   3,336   0,000   0,000   0,000   124,989      
0,33/19   25,953   26,189   26,189   11,523   0,271   1,614   23,941   10,759   1,301   3,160   0,000   0,000   0,000   126,439      
0,25/ 1   1,366   1,035   1,035   164,371   5,153   30,670   454,881   204,414   24,720   60,044   0,000   0,000   0,000   862,925      
0,25/ 2   2,732   2,070   2,070   82,185   2,576   15,335   227,441   102,207   12,360   30,022   0,000   0,000   0,000   436,616      
0,25/ 3   4,098   3,104   3,104   54,790   1,718   10,223   151,627   68,138   8,240   20,015   0,000   0,000   0,000   296,802      
0,25/ 4   5,464   4,139   4,139   41,093   1,288   7,667   113,720   51,103   6,180   15,011   0,000   0,000   0,000   228,613      
0,25/ 5   6,830   5,174   5,174   32,874   1,031   6,134   90,976   40,883   4,944   12,009   0,000   0,000   0,000   189,076      
0,25/ 6   8,196   6,209   6,209   27,395   0,859   5,112   75,814   34,069   4,120   10,007   0,000   0,000   0,000   163,863      
0,25/ 7   9,562   7,244   7,244   23,482   0,736   4,381   64,983   29,202   3,531   8,578   0,000   0,000   0,000   146,834      
0,25/ 8   10,928   8,279   8,279   20,546   0,644   3,834   56,860   25,552   3,090   7,506   0,000   0,000   0,000   134,922      
0,25/ 9   12,294   9,313   9,313   18,263   0,573   3,408   50,542   22,713   2,747   6,672   0,000   0,000   0,000   126,419      
0,25/10   13,660   10,348   10,348   16,437   0,515   3,067   45,488   20,441   2,472   6,004   0,000   0,000   0,000   120,304      
0,25/11   15,026   11,383   11,383   14,943   0,468   2,788   41,353   18,583   2,247   5,459   0,000   0,000   0,000   115,927      
0,25/12   16,392   12,418   12,418   13,698   0,429   2,556   37,907   17,034   2,060   5,004   0,000   0,000   0,000   112,852      
0,25/13   17,758   13,453   13,453   12,644   0,396   2,359   34,991   15,724   1,902   4,619   0,000   0,000   0,000   110,778      
0,25/14   19,123   14,487   14,487   11,741   0,368   2,191   32,492   14,601   1,766   4,289   0,000   0,000   0,000   109,49      
0,25/15   20,489   15,522   15,522   10,958   0,344   2,045   30,325   13,628   1,648   4,003   0,000   0,000   0,000   108,833      
0,25/16   21,855   16,557   16,557   10,273   0,322   1,917   28,430   12,776   1,545   3,753   0,000   0,000   0,000   108,687      
0,25/17   23,221   17,592   17,592   9,669   0,303   1,804   26,758   12,024   1,454   3,532   0,000   0,000   0,000   108,963      
0,25/18   24,587   18,627   18,627   9,132   0,286   1,704   25,271   11,356   1,373   3,336   0,000   0,000   0,000   109,59      
0,25/19   25,953   19,662   19,662   8,651   0,271   1,614   23,941   10,759   1,301   3,160   0,000   0,000   0,000   110,513      
0,20/ 1   1,366   0,828   0,828   131,497   5,153   30,670   454,881   204,414   24,720   60,044   0,000   0,000   0,000   829,637      
0,20/ 2   2,732   1,656   1,656   65,748   2,576   15,335   227,441   102,207   12,360   30,022   0,000   0,000   0,000   419,351      
0,20/ 3   4,098   2,484   2,484   43,832   1,718   10,223   151,627   68,138   8,240   20,015   0,000   0,000   0,000   284,604      
0,20/ 4   5,464   3,311   3,311   32,874   1,288   7,667   113,720   51,103   6,180   15,011   0,000   0,000   0,000   218,738      
0,20/ 5   6,830   4,139   4,139   26,299   1,031   6,134   90,976   40,883   4,944   12,009   0,000   0,000   0,000   180,431      
0,20/ 6   8,196   4,967   4,967   21,916   0,859   5,112   75,814   34,069   4,120   10,007   0,000   0,000   0,000   155,9      
0,20/ 7   9,562   5,795   5,795   18,785   0,736   4,381   64,983   29,202   3,531   8,578   0,000   0,000   0,000   139,239      
0,20/ 8   10,928   6,623   6,623   16,437   0,644   3,834   56,860   25,552   3,090   7,506   0,000   0,000   0,000   127,501      
0,20/ 9   12,294   7,451   7,451   14,611   0,573   3,408   50,542   22,713   2,747   6,672   0,000   0,000   0,000   119,043      
0,20/10   13,660   8,279   8,279   13,150   0,515   3,067   45,488   20,441   2,472   6,004   0,000   0,000   0,000   112,879      
0,20/11   15,026   9,106   9,106   11,954   0,468   2,788   41,353   18,583   2,247   5,459   0,000   0,000   0,000   108,384      
0,20/12   16,392   9,934   9,934   10,958   0,429   2,556   37,907   17,034   2,060   5,004   0,000   0,000   0,000   105,144      
0,20/13   17,758   10,762   10,762   10,115   0,396   2,359   34,991   15,724   1,902   4,619   0,000   0,000   0,000   102,867      
0,20/14   19,123   11,590   11,590   9,393   0,368   2,191   32,492   14,601   1,766   4,289   0,000   0,000   0,000   101,348      
0,20/15   20,489   12,418   12,418   8,766   0,344   2,045   30,325   13,628   1,648   4,003   0,000   0,000   0,000   100,433      
0,20/16   21,855   13,246   13,246   8,219   0,322   1,917   28,430   12,776   1,545   3,753   0,000   0,000   0,000   100,011      
0,20/17   23,221   14,074   14,074   7,735   0,303   1,804   26,758   12,024   1,454   3,532   0,000   0,000   0,000   99,993      
0,20/18   24,587   14,901   14,901   7,305   0,286   1,704   25,271   11,356   1,373   3,336   0,000   0,000   0,000   100,311      
0,20/19   25,953   15,729   15,729   6,921   0,271   1,614   23,941   10,759   1,301   3,160   0,000   0,000   0,000   100,917      
0,67/ 1   1,366   2,761   2,761   438,541   5,153   30,670   454,881   204,414   24,720   60,044   0,000   0,000   0,000   1140,547      
0,67/ 2   2,732   5,522   5,522   219,271   2,576   15,335   227,441   102,207   12,360   30,022   0,000   0,000   0,000   580,606      
0,67/ 3   4,098   8,283   8,283   146,180   1,718   10,223   151,627   68,138   8,240   20,015   0,000   0,000   0,000   398,55      
0,67/ 4   5,464   11,044   11,044   109,635   1,288   7,667   113,720   51,103   6,180   15,011   0,000   0,000   0,000   310,965      
0,67/ 5   6,830   13,804   13,804   87,708   1,031   6,134   90,976   40,883   4,944   12,009   0,000   0,000   0,000   261,17      
0,67/ 6   8,196   16,565   16,565   73,090   0,859   5,112   75,814   34,069   4,120   10,007   0,000   0,000   0,000   230,27      
0,67/ 7   9,562   19,326   19,326   62,649   0,736   4,381   64,983   29,202   3,531   8,578   0,000   0,000   0,000   210,165      
0,67/ 8   10,928   22,087   22,087   54,818   0,644   3,834   56,860   25,552   3,090   7,506   0,000   0,000   0,000   196,81      
0,67/ 9   12,294   24,848   24,848   48,727   0,573   3,408   50,542   22,713   2,747   6,672   0,000   0,000   0,000   187,953      
0,67/10   13,660   27,609   27,609   43,854   0,515   3,067   45,488   20,441   2,472   6,004   0,000   0,000   0,000   182,243      
0,67/11   15,026   30,370   30,370   39,867   0,468   2,788   41,353   18,583   2,247   5,459   0,000   0,000   0,000   178,825      
0,67/12   16,392   33,131   33,131   36,545   0,429   2,556   37,907   17,034   2,060   5,004   0,000   0,000   0,000   177,125      
0,67/13   17,758   35,892   35,892   33,734   0,396   2,359   34,991   15,724   1,902   4,619   0,000   0,000   0,000   176,746      
0,67/14   19,123   38,653   38,653   31,324   0,368   2,191   32,492   14,601   1,766   4,289   0,000   0,000   0,000   177,405      
0,67/15   20,489   41,413   41,413   29,236   0,344   2,045   30,325   13,628   1,648   4,003   0,000   0,000   0,000   178,893      
0,67/16   21,855   44,174   44,174   27,409   0,322   1,917   28,430   12,776   1,545   3,753   0,000   0,000   0,000   181,057      
0,67/17   23,221   46,935   46,935   25,797   0,303   1,804   26,758   12,024   1,454   3,532   0,000   0,000   0,000   183,777      
0,67/18   24,587   49,696   49,696   24,363   0,286   1,704   25,271   11,356   1,373   3,336   0,000   0,000   0,000   186,959      
0,67/19   25,953   52,457   52,457   23,081   0,271   1,614   23,941   10,759   1,301   3,160   0,000   0,000   0,000   190,533      
0,63/ 1   1,366   2,587   2,587   410,927   5,153   30,670   454,881   204,414   24,720   60,044   0,000   0,000   0,000   1112,585      
0,63/ 2   2,732   5,174   5,174   205,464   2,576   15,335   227,441   102,207   12,360   30,022   0,000   0,000   0,000   566,103      
0,63/ 3   4,098   7,761   7,761   136,976   1,718   10,223   151,627   68,138   8,240   20,015   0,000   0,000   0,000   388,302      
0,63/ 4   5,464   10,348   10,348   102,732   1,288   7,667   113,720   51,103   6,180   15,011   0,000   0,000   0,000   302,67      
0,63/ 5   6,830   12,935   12,935   82,185   1,031   6,134   90,976   40,883   4,944   12,009   0,000   0,000   0,000   253,909      
0,63/ 6   8,196   15,522   15,522   68,488   0,859   5,112   75,814   34,069   4,120   10,007   0,000   0,000   0,000   223,582      
0,63/ 7   9,562   18,109   18,109   58,704   0,736   4,381   64,983   29,202   3,531   8,578   0,000   0,000   0,000   203,786      
0,63/ 8   10,928   20,696   20,696   51,366   0,644   3,834   56,860   25,552   3,090   7,506   0,000   0,000   0,000   190,576      
0,63/ 9   12,294   23,283   23,283   45,659   0,573   3,408   50,542   22,713   2,747   6,672   0,000   0,000   0,000   181,755      
0,63/10   13,660   25,870   25,870   41,093   0,515   3,067   45,488   20,441   2,472   6,004   0,000   0,000   0,000   176,004      
0,63/11   15,026   28,458   28,458   37,357   0,468   2,788   41,353   18,583   2,247   5,459   0,000   0,000   0,000   172,491      
0,63/12   16,392   31,045   31,045   34,244   0,429   2,556   37,907   17,034   2,060   5,004   0,000   0,000   0,000   170,652      
0,63/13   17,758   33,632   33,632   31,610   0,396   2,359   34,991   15,724   1,902   4,619   0,000   0,000   0,000   170,102      
0,63/14   19,123   36,219   36,219   29,352   0,368   2,191   32,492   14,601   1,766   4,289   0,000   0,000   0,000   170,565      
0,63/15   20,489   38,806   38,806   27,395   0,344   2,045   30,325   13,628   1,648   4,003   0,000   0,000   0,000   171,838      
0,63/16   21,855   41,393   41,393   25,683   0,322   1,917   28,430   12,776   1,545   3,753   0,000   0,000   0,000   173,769      
0,63/17   23,221   43,980   43,980   24,172   0,303   1,804   26,758   12,024   1,454   3,532   0,000   0,000   0,000   176,242      
0,63/18   24,587   46,567   46,567   22,829   0,286   1,704   25,271   11,356   1,373   3,336   0,000   0,000   0,000   179,167      
0,63/19   25,953   49,154   49,154   21,628   0,271   1,614   23,941   10,759   1,301   3,160   0,000   0,000   0,000   182,474      
0,75/ 1   1,366   3,104   3,104   493,112   5,153   30,670   454,881   204,414   24,720   60,044   0,000   0,000   0,000   1195,804      
0,75/ 2   2,732   6,209   6,209   246,556   2,576   15,335   227,441   102,207   12,360   30,022   0,000   0,000   0,000   609,265      
0,75/ 3   4,098   9,313   9,313   164,371   1,718   10,223   151,627   68,138   8,240   20,015   0,000   0,000   0,000   418,801      
0,75/ 4   5,464   12,418   12,418   123,278   1,288   7,667   113,720   51,103   6,180   15,011   0,000   0,000   0,000   327,356      
0,75/ 5   6,830   15,522   15,522   98,622   1,031   6,134   90,976   40,883   4,944   12,009   0,000   0,000   0,000   275,52      
0,75/ 6   8,196   18,627   18,627   82,185   0,859   5,112   75,814   34,069   4,120   10,007   0,000   0,000   0,000   243,489      
0,75/ 7   9,562   21,731   21,731   70,445   0,736   4,381   64,983   29,202   3,531   8,578   0,000   0,000   0,000   222,771      
0,75/ 8   10,928   24,836   24,836   61,639   0,644   3,834   56,860   25,552   3,090   7,506   0,000   0,000   0,000   209,129      
0,75/ 9   12,294   27,940   27,940   54,790   0,573   3,408   50,542   22,713   2,747   6,672   0,000   0,000   0,000   200,2      
0,75/10   13,660   31,045   31,045   49,311   0,515   3,067   45,488   20,441   2,472   6,004   0,000   0,000   0,000   194,572      
0,75/11   15,026   34,149   34,149   44,828   0,468   2,788   41,353   18,583   2,247   5,459   0,000   0,000   0,000   191,344      
0,75/12   16,392   37,254   37,254   41,093   0,429   2,556   37,907   17,034   2,060   5,004   0,000   0,000   0,000   189,919      
0,75/13   17,758   40,358   40,358   37,932   0,396   2,359   34,991   15,724   1,902   4,619   0,000   0,000   0,000   189,876      
0,75/14   19,123   43,462   43,462   35,222   0,368   2,191   32,492   14,601   1,766   4,289   0,000   0,000   0,000   190,921      
0,75/15   20,489   46,567   46,567   32,874   0,344   2,045   30,325   13,628   1,648   4,003   0,000   0,000   0,000   192,839      
0,75/16   21,855   49,671   49,671   30,820   0,322   1,917   28,430   12,776   1,545   3,753   0,000   0,000   0,000   195,462      
0,75/17   23,221   52,776   52,776   29,007   0,303   1,804   26,758   12,024   1,454   3,532   0,000   0,000   0,000   198,669      
0,75/18   24,587   55,880   55,880   27,395   0,286   1,704   25,271   11,356   1,373   3,336   0,000   0,000   0,000   202,359      
0,75/19   25,953   58,985   58,985   25,953   0,271   1,614   23,941   10,759   1,301   3,160   0,000   0,000   0,000   206,461      
0,80/ 1   1,366   3,311   3,311   525,987   5,153   30,670   454,881   204,414   24,720   60,044   0,000   0,000   0,000   1229,093      
0,80/ 2   2,732   6,623   6,623   262,993   2,576   15,335   227,441   102,207   12,360   30,022   0,000   0,000   0,000   626,53      
0,80/ 3   4,098   9,934   9,934   175,329   1,718   10,223   151,627   68,138   8,240   20,015   0,000   0,000   0,000   431,001      
0,80/ 4   5,464   13,246   13,246   131,497   1,288   7,667   113,720   51,103   6,180   15,011   0,000   0,000   0,000   337,231      
0,80/ 5   6,830   16,557   16,557   105,197   1,031   6,134   90,976   40,883   4,944   12,009   0,000   0,000   0,000   284,165      
0,80/ 6   8,196   19,869   19,869   87,664   0,859   5,112   75,814   34,069   4,120   10,007   0,000   0,000   0,000   251,452      
0,80/ 7   9,562   23,180   23,180   75,141   0,736   4,381   64,983   29,202   3,531   8,578   0,000   0,000   0,000   230,365      
0,80/ 8   10,928   26,491   26,491   65,748   0,644   3,834   56,860   25,552   3,090   7,506   0,000   0,000   0,000   216,548      
0,80/ 9   12,294   29,803   29,803   58,443   0,573   3,408   50,542   22,713   2,747   6,672   0,000   0,000   0,000   207,579      
0,80/10   13,660   33,114   33,114   52,599   0,515   3,067   45,488   20,441   2,472   6,004   0,000   0,000   0,000   201,998      
0,80/11   15,026   36,426   36,426   47,817   0,468   2,788   41,353   18,583   2,247   5,459   0,000   0,000   0,000   198,887      
0,80/12   16,392   39,737   39,737   43,832   0,429   2,556   37,907   17,034   2,060   5,004   0,000   0,000   0,000   197,624      
0,80/13   17,758   43,049   43,049   40,461   0,396   2,359   34,991   15,724   1,902   4,619   0,000   0,000   0,000   197,787      
0,80/14   19,123   46,360   46,360   37,570   0,368   2,191   32,492   14,601   1,766   4,289   0,000   0,000   0,000   199,065      
0,80/15   20,489   49,671   49,671   35,066   0,344   2,045   30,325   13,628   1,648   4,003   0,000   0,000   0,000   201,239      
0,80/16   21,855   52,983   52,983   32,874   0,322   1,917   28,430   12,776   1,545   3,753   0,000   0,000   0,000   204,14      
0,80/17   23,221   56,294   56,294   30,940   0,303   1,804   26,758   12,024   1,454   3,532   0,000   0,000   0,000   207,638      
0,80/18   24,587   59,606   59,606   29,221   0,286   1,704   25,271   11,356   1,373   3,336   0,000   0,000   0,000   211,637      
0,80/19   25,953   62,917   62,917   27,684   0,271   1,614   23,941   10,759   1,301   3,160   0,000   0,000   0,000   216,056      
                                                
ќптимизационные значени€
ar/ћес€ц   S1   S2   S3   S4   S5   S6   S7   S8   S9   S10   Sдоп1   Sдоп2   Sдоп3   —умма      
0,50/14   19,123   28,975   28,975   23,482   0,368   2,191   32,492   14,601   1,766   4,289   0,000   0,000   0,000   150,207      
0,33/15   20,489   20,676   20,676   14,596   0,344   2,045   30,325   13,628   1,648   4,003   0,000   0,000   0,000   122,779      
0,25/16   21,855   16,557   16,557   10,273   0,322   1,917   28,430   12,776   1,545   3,753   0,000   0,000   0,000   108,687      
0,20/17   23,221   14,074   14,074   7,735   0,303   1,804   26,758   12,024   1,454   3,532   0,000   0,000   0,000   99,993      
0,67/13   17,758   35,892   35,892   33,734   0,396   2,359   34,991   15,724   1,902   4,619   0,000   0,000   0,000   176,746      
0,63/13   17,758   33,632   33,632   31,610   0,396   2,359   34,991   15,724   1,902   4,619   0,000   0,000   0,000   170,102      
0,75/13   17,758   40,358   40,358   37,932   0,396   2,359   34,991   15,724   1,902   4,619   0,000   0,000   0,000   189,876      
0,80/12   16,392   39,737   39,737   43,832   0,429   2,556   37,907   17,034   2,060   5,004   0,000   0,000   0,000   197,624      
                                                
–асчет эффективности
ar/ћес€ц   —уп   Ён   Ёос   Ёоб   Ёс   Ёз   Ёq   Ёобщ      
0,50/14   14,45   2,28   0,03   0,02   0,02   0,00   8,95   117,70      
                              
ƒельта и т.д.
ar/ћес€ц   Smax   —умма   ƒельта Smax-—умма      
               
