–езультаты расчета
ar/ћес€ц   S1   S2   S3   S4   S5   S6   S7   S8   S9   S10   Sдоп1   Sдоп2   Sдоп3   —умма      
0,50/ 1   0,781   4,360   4,360   408,198   4,790   25,775   422,847   172,235   20,828   50,592   0,000   0,000   0,000   1043,346      
0,50/ 2   1,562   8,719   8,719   204,099   2,395   12,888   211,424   86,118   10,414   25,296   0,000   0,000   0,000   535,924      
0,50/ 3   2,343   13,079   13,079   136,066   1,597   8,592   140,949   57,412   6,943   16,864   0,000   0,000   0,000   373,117      
0,50/ 4   3,124   17,438   17,438   102,050   1,198   6,444   105,712   43,059   5,207   12,648   0,000   0,000   0,000   296,463      
0,50/ 5   3,905   21,798   21,798   81,640   0,958   5,155   84,569   34,447   4,166   10,118   0,000   0,000   0,000   254,27      
0,50/ 6   4,686   26,158   26,158   68,033   0,798   4,296   70,475   28,706   3,471   8,432   0,000   0,000   0,000   229,31      
0,50/ 7   5,467   30,517   30,517   58,314   0,684   3,682   60,407   24,605   2,975   7,227   0,000   0,000   0,000   214,193      
0,50/ 8   6,248   34,877   34,877   51,025   0,599   3,222   52,856   21,529   2,604   6,324   0,000   0,000   0,000   205,233      
0,50/ 9   7,029   39,236   39,236   45,355   0,532   2,864   46,983   19,137   2,314   5,621   0,000   0,000   0,000   200,372      
0,50/10   7,810   43,596   43,596   40,820   0,479   2,578   42,285   17,224   2,083   5,059   0,000   0,000   0,000   198,388      
0,50/11   8,591   47,956   47,956   37,109   0,435   2,343   38,441   15,658   1,893   4,599   0,000   0,000   0,000   198,489      
0,50/12   9,372   52,315   52,315   34,017   0,399   2,148   35,237   14,353   1,736   4,216   0,000   0,000   0,000   200,156      
0,50/13   10,153   56,675   56,675   31,400   0,368   1,983   32,527   13,249   1,602   3,892   0,000   0,000   0,000   203,03      
0,50/14   10,934   61,034   61,034   29,157   0,342   1,841   30,203   12,303   1,488   3,614   0,000   0,000   0,000   206,848      
0,50/15   11,715   65,394   65,394   27,213   0,319   1,718   28,190   11,482   1,389   3,373   0,000   0,000   0,000   211,425      
0,50/16   12,496   69,754   69,754   25,512   0,299   1,611   26,428   10,765   1,302   3,162   0,000   0,000   0,000   216,619      
0,50/17   13,277   74,113   74,113   24,012   0,282   1,516   24,873   10,131   1,225   2,976   0,000   0,000   0,000   222,317      
0,50/18   14,058   78,473   78,473   22,678   0,266   1,432   23,492   9,569   1,157   2,811   0,000   0,000   0,000   228,441      
0,50/19   14,839   82,832   82,832   21,484   0,252   1,357   22,255   9,065   1,096   2,663   0,000   0,000   0,000   234,916      
0,50/20   15,620   87,192   87,192   20,410   0,240   1,289   21,142   8,612   1,041   2,530   0,000   0,000   0,000   241,697      
0,50/21   16,401   91,552   91,552   19,438   0,228   1,227   20,136   8,202   0,992   2,409   0,000   0,000   0,000   248,736      
0,50/22   17,182   95,911   95,911   18,554   0,218   1,172   19,220   7,829   0,947   2,300   0,000   0,000   0,000   255,997      
0,50/23   17,963   100,271   100,271   17,748   0,208   1,121   18,385   7,488   0,906   2,200   0,000   0,000   0,000   263,455      
0,50/24   18,744   104,630   104,630   17,008   0,200   1,074   17,619   7,176   0,868   2,108   0,000   0,000   0,000   271,081      
0,50/25   19,525   108,990   108,990   16,328   0,192   1,031   16,914   6,889   0,833   2,024   0,000   0,000   0,000   278,859      
0,50/26   20,306   113,350   113,350   15,700   0,184   0,991   16,263   6,624   0,801   1,946   0,000   0,000   0,000   286,768      
0,50/27   21,087   117,709   117,709   15,118   0,177   0,955   15,661   6,379   0,771   1,874   0,000   0,000   0,000   294,795      
0,50/28   21,868   122,069   122,069   14,579   0,171   0,921   15,102   6,151   0,744   1,807   0,000   0,000   0,000   302,93      
0,33/ 1   0,781   2,903   2,903   271,860   4,790   25,775   422,847   172,235   20,828   50,592   0,000   0,000   0,000   904,094      
0,33/ 2   1,562   5,807   5,807   135,930   2,395   12,888   211,424   86,118   10,414   25,296   0,000   0,000   0,000   461,931      
0,33/ 3   2,343   8,710   8,710   90,620   1,597   8,592   140,949   57,412   6,943   16,864   0,000   0,000   0,000   318,933      
0,33/ 4   3,124   11,614   11,614   67,965   1,198   6,444   105,712   43,059   5,207   12,648   0,000   0,000   0,000   250,73      
0,33/ 5   3,905   14,517   14,517   54,372   0,958   5,155   84,569   34,447   4,166   10,118   0,000   0,000   0,000   212,44      
0,33/ 6   4,686   17,421   17,421   45,310   0,798   4,296   70,475   28,706   3,471   8,432   0,000   0,000   0,000   189,113      
0,33/ 7   5,467   20,324   20,324   38,837   0,684   3,682   60,407   24,605   2,975   7,227   0,000   0,000   0,000   174,33      
0,33/ 8   6,248   23,228   23,228   33,982   0,599   3,222   52,856   21,529   2,604   6,324   0,000   0,000   0,000   164,892      
0,33/ 9   7,029   26,131   26,131   30,207   0,532   2,864   46,983   19,137   2,314   5,621   0,000   0,000   0,000   159,014      
0,33/10   7,810   29,035   29,035   27,186   0,479   2,578   42,285   17,224   2,083   5,059   0,000   0,000   0,000   155,632      
0,33/11   8,591   31,938   31,938   24,715   0,435   2,343   38,441   15,658   1,893   4,599   0,000   0,000   0,000   154,059      
0,33/12   9,372   34,842   34,842   22,655   0,399   2,148   35,237   14,353   1,736   4,216   0,000   0,000   0,000   153,848      
0,33/13   10,153   37,745   37,745   20,912   0,368   1,983   32,527   13,249   1,602   3,892   0,000   0,000   0,000   154,682      
0,33/14   10,934   40,649   40,649   19,419   0,342   1,841   30,203   12,303   1,488   3,614   0,000   0,000   0,000   156,34      
0,33/15   11,715   43,552   43,552   18,124   0,319   1,718   28,190   11,482   1,389   3,373   0,000   0,000   0,000   158,652      
0,33/16   12,496   46,456   46,456   16,991   0,299   1,611   26,428   10,765   1,302   3,162   0,000   0,000   0,000   161,502      
0,33/17   13,277   49,359   49,359   15,992   0,282   1,516   24,873   10,131   1,225   2,976   0,000   0,000   0,000   164,789      
0,33/18   14,058   52,263   52,263   15,103   0,266   1,432   23,492   9,569   1,157   2,811   0,000   0,000   0,000   168,446      
0,33/19   14,839   55,166   55,166   14,308   0,252   1,357   22,255   9,065   1,096   2,663   0,000   0,000   0,000   172,408      
0,33/20   15,620   58,070   58,070   13,593   0,240   1,289   21,142   8,612   1,041   2,530   0,000   0,000   0,000   176,636      
0,33/21   16,401   60,973   60,973   12,946   0,228   1,227   20,136   8,202   0,992   2,409   0,000   0,000   0,000   181,086      
0,33/22   17,182   63,877   63,877   12,357   0,218   1,172   19,220   7,829   0,947   2,300   0,000   0,000   0,000   185,732      
0,33/23   17,963   66,780   66,780   11,820   0,208   1,121   18,385   7,488   0,906   2,200   0,000   0,000   0,000   190,545      
0,33/24   18,744   69,684   69,684   11,327   0,200   1,074   17,619   7,176   0,868   2,108   0,000   0,000   0,000   195,508      
0,33/25   19,525   72,587   72,587   10,874   0,192   1,031   16,914   6,889   0,833   2,024   0,000   0,000   0,000   200,599      
0,33/26   20,306   75,491   75,491   10,456   0,184   0,991   16,263   6,624   0,801   1,946   0,000   0,000   0,000   205,806      
0,33/27   21,087   78,394   78,394   10,069   0,177   0,955   15,661   6,379   0,771   1,874   0,000   0,000   0,000   211,116      
0,33/28   21,868   81,298   81,298   9,709   0,171   0,921   15,102   6,151   0,744   1,807   0,000   0,000   0,000   216,518      
0,25/ 1   0,781   2,180   2,180   204,099   4,790   25,775   422,847   172,235   20,828   50,592   0,000   0,000   0,000   834,887      
0,25/ 2   1,562   4,360   4,360   102,050   2,395   12,888   211,424   86,118   10,414   25,296   0,000   0,000   0,000   425,157      
0,25/ 3   2,343   6,539   6,539   68,033   1,597   8,592   140,949   57,412   6,943   16,864   0,000   0,000   0,000   292,004      
0,25/ 4   3,124   8,719   8,719   51,025   1,198   6,444   105,712   43,059   5,207   12,648   0,000   0,000   0,000   228      
0,25/ 5   3,905   10,899   10,899   40,820   0,958   5,155   84,569   34,447   4,166   10,118   0,000   0,000   0,000   191,652      
0,25/ 6   4,686   13,079   13,079   34,017   0,798   4,296   70,475   28,706   3,471   8,432   0,000   0,000   0,000   169,136      
0,25/ 7   5,467   15,259   15,259   29,157   0,684   3,682   60,407   24,605   2,975   7,227   0,000   0,000   0,000   154,52      
0,25/ 8   6,248   17,438   17,438   25,512   0,599   3,222   52,856   21,529   2,604   6,324   0,000   0,000   0,000   144,842      
0,25/ 9   7,029   19,618   19,618   22,678   0,532   2,864   46,983   19,137   2,314   5,621   0,000   0,000   0,000   138,459      
0,25/10   7,810   21,798   21,798   20,410   0,479   2,578   42,285   17,224   2,083   5,059   0,000   0,000   0,000   134,382      
0,25/11   8,591   23,978   23,978   18,554   0,435   2,343   38,441   15,658   1,893   4,599   0,000   0,000   0,000   131,978      
0,25/12   9,372   26,158   26,158   17,008   0,399   2,148   35,237   14,353   1,736   4,216   0,000   0,000   0,000   130,833      
0,25/13   10,153   28,337   28,337   15,700   0,368   1,983   32,527   13,249   1,602   3,892   0,000   0,000   0,000   130,654      
0,25/14   10,934   30,517   30,517   14,579   0,342   1,841   30,203   12,303   1,488   3,614   0,000   0,000   0,000   131,236      
0,25/15   11,715   32,697   32,697   13,607   0,319   1,718   28,190   11,482   1,389   3,373   0,000   0,000   0,000   132,425      
0,25/16   12,496   34,877   34,877   12,756   0,299   1,611   26,428   10,765   1,302   3,162   0,000   0,000   0,000   134,109      
0,25/17   13,277   37,057   37,057   12,006   0,282   1,516   24,873   10,131   1,225   2,976   0,000   0,000   0,000   136,199      
0,25/18   14,058   39,236   39,236   11,339   0,266   1,432   23,492   9,569   1,157   2,811   0,000   0,000   0,000   138,628      
0,25/19   14,839   41,416   41,416   10,742   0,252   1,357   22,255   9,065   1,096   2,663   0,000   0,000   0,000   141,342      
0,25/20   15,620   43,596   43,596   10,205   0,240   1,289   21,142   8,612   1,041   2,530   0,000   0,000   0,000   144,3      
0,25/21   16,401   45,776   45,776   9,719   0,228   1,227   20,136   8,202   0,992   2,409   0,000   0,000   0,000   147,465      
0,25/22   17,182   47,956   47,956   9,277   0,218   1,172   19,220   7,829   0,947   2,300   0,000   0,000   0,000   150,81      
0,25/23   17,963   50,135   50,135   8,874   0,208   1,121   18,385   7,488   0,906   2,200   0,000   0,000   0,000   154,309      
0,25/24   18,744   52,315   52,315   8,504   0,200   1,074   17,619   7,176   0,868   2,108   0,000   0,000   0,000   157,947      
0,25/25   19,525   54,495   54,495   8,164   0,192   1,031   16,914   6,889   0,833   2,024   0,000   0,000   0,000   161,705      
0,25/26   20,306   56,675   56,675   7,850   0,184   0,991   16,263   6,624   0,801   1,946   0,000   0,000   0,000   165,568      
0,25/27   21,087   58,855   58,855   7,559   0,177   0,955   15,661   6,379   0,771   1,874   0,000   0,000   0,000   169,528      
0,25/28   21,868   61,034   61,034   7,289   0,171   0,921   15,102   6,151   0,744   1,807   0,000   0,000   0,000   173,57      
0,20/ 1   0,781   1,744   1,744   163,279   4,790   25,775   422,847   172,235   20,828   50,592   0,000   0,000   0,000   793,195      
0,20/ 2   1,562   3,488   3,488   81,640   2,395   12,888   211,424   86,118   10,414   25,296   0,000   0,000   0,000   403,003      
0,20/ 3   2,343   5,232   5,232   54,426   1,597   8,592   140,949   57,412   6,943   16,864   0,000   0,000   0,000   275,783      
0,20/ 4   3,124   6,975   6,975   40,820   1,198   6,444   105,712   43,059   5,207   12,648   0,000   0,000   0,000   214,307      
0,20/ 5   3,905   8,719   8,719   32,656   0,958   5,155   84,569   34,447   4,166   10,118   0,000   0,000   0,000   179,128      
0,20/ 6   4,686   10,463   10,463   27,213   0,798   4,296   70,475   28,706   3,471   8,432   0,000   0,000   0,000   157,1      
0,20/ 7   5,467   12,207   12,207   23,326   0,684   3,682   60,407   24,605   2,975   7,227   0,000   0,000   0,000   142,585      
0,20/ 8   6,248   13,951   13,951   20,410   0,599   3,222   52,856   21,529   2,604   6,324   0,000   0,000   0,000   132,766      
0,20/ 9   7,029   15,695   15,695   18,142   0,532   2,864   46,983   19,137   2,314   5,621   0,000   0,000   0,000   126,077      
0,20/10   7,810   17,438   17,438   16,328   0,479   2,578   42,285   17,224   2,083   5,059   0,000   0,000   0,000   121,58      
0,20/11   8,591   19,182   19,182   14,844   0,435   2,343   38,441   15,658   1,893   4,599   0,000   0,000   0,000   118,676      
0,20/12   9,372   20,926   20,926   13,607   0,399   2,148   35,237   14,353   1,736   4,216   0,000   0,000   0,000   116,968      
0,20/13   10,153   22,670   22,670   12,560   0,368   1,983   32,527   13,249   1,602   3,892   0,000   0,000   0,000   116,18      
0,20/14   10,934   24,414   24,414   11,663   0,342   1,841   30,203   12,303   1,488   3,614   0,000   0,000   0,000   116,114      
0,20/15   11,715   26,158   26,158   10,885   0,319   1,718   28,190   11,482   1,389   3,373   0,000   0,000   0,000   116,625      
0,20/16   12,496   27,901   27,901   10,205   0,299   1,611   26,428   10,765   1,302   3,162   0,000   0,000   0,000   117,606      
0,20/17   13,277   29,645   29,645   9,605   0,282   1,516   24,873   10,131   1,225   2,976   0,000   0,000   0,000   118,974      
0,20/18   14,058   31,389   31,389   9,071   0,266   1,432   23,492   9,569   1,157   2,811   0,000   0,000   0,000   120,666      
0,20/19   14,839   33,133   33,133   8,594   0,252   1,357   22,255   9,065   1,096   2,663   0,000   0,000   0,000   122,628      
0,20/20   15,620   34,877   34,877   8,164   0,240   1,289   21,142   8,612   1,041   2,530   0,000   0,000   0,000   124,821      
0,20/21   16,401   36,621   36,621   7,775   0,228   1,227   20,136   8,202   0,992   2,409   0,000   0,000   0,000   127,211      
0,20/22   17,182   38,364   38,364   7,422   0,218   1,172   19,220   7,829   0,947   2,300   0,000   0,000   0,000   129,771      
0,20/23   17,963   40,108   40,108   7,099   0,208   1,121   18,385   7,488   0,906   2,200   0,000   0,000   0,000   132,48      
0,20/24   18,744   41,852   41,852   6,803   0,200   1,074   17,619   7,176   0,868   2,108   0,000   0,000   0,000   135,32      
0,20/25   19,525   43,596   43,596   6,531   0,192   1,031   16,914   6,889   0,833   2,024   0,000   0,000   0,000   138,274      
0,20/26   20,306   45,340   45,340   6,280   0,184   0,991   16,263   6,624   0,801   1,946   0,000   0,000   0,000   141,328      
0,20/27   21,087   47,084   47,084   6,047   0,177   0,955   15,661   6,379   0,771   1,874   0,000   0,000   0,000   144,474      
0,20/28   21,868   48,828   48,828   5,831   0,171   0,921   15,102   6,151   0,744   1,807   0,000   0,000   0,000   147,7      
0,67/ 1   0,781   5,816   5,816   544,536   4,790   25,775   422,847   172,235   20,828   50,592   0,000   0,000   0,000   1182,596      
0,67/ 2   1,562   11,631   11,631   272,268   2,395   12,888   211,424   86,118   10,414   25,296   0,000   0,000   0,000   609,917      
0,67/ 3   2,343   17,447   17,447   181,512   1,597   8,592   140,949   57,412   6,943   16,864   0,000   0,000   0,000   427,299      
0,67/ 4   3,124   23,263   23,263   136,134   1,198   6,444   105,712   43,059   5,207   12,648   0,000   0,000   0,000   342,197      
0,67/ 5   3,905   29,079   29,079   108,907   0,958   5,155   84,569   34,447   4,166   10,118   0,000   0,000   0,000   296,099      
0,67/ 6   4,686   34,894   34,894   90,756   0,798   4,296   70,475   28,706   3,471   8,432   0,000   0,000   0,000   269,505      
0,67/ 7   5,467   40,710   40,710   77,791   0,684   3,682   60,407   24,605   2,975   7,227   0,000   0,000   0,000   254,056      
0,67/ 8   6,248   46,526   46,526   68,067   0,599   3,222   52,856   21,529   2,604   6,324   0,000   0,000   0,000   245,573      
0,67/ 9   7,029   52,341   52,341   60,504   0,532   2,864   46,983   19,137   2,314   5,621   0,000   0,000   0,000   241,731      
0,67/10   7,810   58,157   58,157   54,454   0,479   2,578   42,285   17,224   2,083   5,059   0,000   0,000   0,000   241,144      
0,67/11   8,591   63,973   63,973   49,503   0,435   2,343   38,441   15,658   1,893   4,599   0,000   0,000   0,000   242,917      
0,67/12   9,372   69,788   69,788   45,378   0,399   2,148   35,237   14,353   1,736   4,216   0,000   0,000   0,000   246,463      
0,67/13   10,153   75,604   75,604   41,887   0,368   1,983   32,527   13,249   1,602   3,892   0,000   0,000   0,000   251,375      
0,67/14   10,934   81,420   81,420   38,895   0,342   1,841   30,203   12,303   1,488   3,614   0,000   0,000   0,000   257,358      
0,67/15   11,715   87,236   87,236   36,302   0,319   1,718   28,190   11,482   1,389   3,373   0,000   0,000   0,000   264,198      
0,67/16   12,496   93,051   93,051   34,034   0,299   1,611   26,428   10,765   1,302   3,162   0,000   0,000   0,000   271,735      
0,67/17   13,277   98,867   98,867   32,032   0,282   1,516   24,873   10,131   1,225   2,976   0,000   0,000   0,000   279,845      
0,67/18   14,058   104,683   104,683   30,252   0,266   1,432   23,492   9,569   1,157   2,811   0,000   0,000   0,000   288,435      
0,67/19   14,839   110,498   110,498   28,660   0,252   1,357   22,255   9,065   1,096   2,663   0,000   0,000   0,000   297,424      
0,67/20   15,620   116,314   116,314   27,227   0,240   1,289   21,142   8,612   1,041   2,530   0,000   0,000   0,000   306,758      
0,67/21   16,401   122,130   122,130   25,930   0,228   1,227   20,136   8,202   0,992   2,409   0,000   0,000   0,000   316,384      
0,67/22   17,182   127,946   127,946   24,752   0,218   1,172   19,220   7,829   0,947   2,300   0,000   0,000   0,000   326,265      
0,67/23   17,963   133,761   133,761   23,675   0,208   1,121   18,385   7,488   0,906   2,200   0,000   0,000   0,000   336,362      
0,67/24   18,744   139,577   139,577   22,689   0,200   1,074   17,619   7,176   0,868   2,108   0,000   0,000   0,000   346,656      
0,67/25   19,525   145,393   145,393   21,781   0,192   1,031   16,914   6,889   0,833   2,024   0,000   0,000   0,000   357,118      
0,67/26   20,306   151,208   151,208   20,944   0,184   0,991   16,263   6,624   0,801   1,946   0,000   0,000   0,000   367,728      
0,67/27   21,087   157,024   157,024   20,168   0,177   0,955   15,661   6,379   0,771   1,874   0,000   0,000   0,000   378,475      
0,67/28   21,868   162,840   162,840   19,448   0,171   0,921   15,102   6,151   0,744   1,807   0,000   0,000   0,000   389,341      
0,63/ 1   0,781   5,449   5,449   510,248   4,790   25,775   422,847   172,235   20,828   50,592   0,000   0,000   0,000   1147,574      
0,63/ 2   1,562   10,899   10,899   255,124   2,395   12,888   211,424   86,118   10,414   25,296   0,000   0,000   0,000   591,309      
0,63/ 3   2,343   16,348   16,348   170,083   1,597   8,592   140,949   57,412   6,943   16,864   0,000   0,000   0,000   413,672      
0,63/ 4   3,124   21,798   21,798   127,562   1,198   6,444   105,712   43,059   5,207   12,648   0,000   0,000   0,000   330,695      
0,63/ 5   3,905   27,247   27,247   102,050   0,958   5,155   84,569   34,447   4,166   10,118   0,000   0,000   0,000   285,578      
0,63/ 6   4,686   32,697   32,697   85,041   0,798   4,296   70,475   28,706   3,471   8,432   0,000   0,000   0,000   259,396      
0,63/ 7   5,467   38,146   38,146   72,893   0,684   3,682   60,407   24,605   2,975   7,227   0,000   0,000   0,000   244,03      
0,63/ 8   6,248   43,596   43,596   63,781   0,599   3,222   52,856   21,529   2,604   6,324   0,000   0,000   0,000   235,427      
0,63/ 9   7,029   49,045   49,045   56,694   0,532   2,864   46,983   19,137   2,314   5,621   0,000   0,000   0,000   231,329      
0,63/10   7,810   54,495   54,495   51,025   0,479   2,578   42,285   17,224   2,083   5,059   0,000   0,000   0,000   230,391      
0,63/11   8,591   59,944   59,944   46,386   0,435   2,343   38,441   15,658   1,893   4,599   0,000   0,000   0,000   231,742      
0,63/12   9,372   65,394   65,394   42,521   0,399   2,148   35,237   14,353   1,736   4,216   0,000   0,000   0,000   234,818      
0,63/13   10,153   70,843   70,843   39,250   0,368   1,983   32,527   13,249   1,602   3,892   0,000   0,000   0,000   239,216      
0,63/14   10,934   76,293   76,293   36,446   0,342   1,841   30,203   12,303   1,488   3,614   0,000   0,000   0,000   244,655      
0,63/15   11,715   81,742   81,742   34,017   0,319   1,718   28,190   11,482   1,389   3,373   0,000   0,000   0,000   250,925      
0,63/16   12,496   87,192   87,192   31,890   0,299   1,611   26,428   10,765   1,302   3,162   0,000   0,000   0,000   257,873      
0,63/17   13,277   92,641   92,641   30,015   0,282   1,516   24,873   10,131   1,225   2,976   0,000   0,000   0,000   265,376      
0,63/18   14,058   98,091   98,091   28,347   0,266   1,432   23,492   9,569   1,157   2,811   0,000   0,000   0,000   273,346      
0,63/19   14,839   103,540   103,540   26,855   0,252   1,357   22,255   9,065   1,096   2,663   0,000   0,000   0,000   281,703      
0,63/20   15,620   108,990   108,990   25,512   0,240   1,289   21,142   8,612   1,041   2,530   0,000   0,000   0,000   290,395      
0,63/21   16,401   114,439   114,439   24,298   0,228   1,227   20,136   8,202   0,992   2,409   0,000   0,000   0,000   299,37      
0,63/22   17,182   119,889   119,889   23,193   0,218   1,172   19,220   7,829   0,947   2,300   0,000   0,000   0,000   308,592      
0,63/23   17,963   125,338   125,338   22,185   0,208   1,121   18,385   7,488   0,906   2,200   0,000   0,000   0,000   318,026      
0,63/24   18,744   130,788   130,788   21,260   0,200   1,074   17,619   7,176   0,868   2,108   0,000   0,000   0,000   327,649      
0,63/25   19,525   136,237   136,237   20,410   0,192   1,031   16,914   6,889   0,833   2,024   0,000   0,000   0,000   337,435      
0,63/26   20,306   141,687   141,687   19,625   0,184   0,991   16,263   6,624   0,801   1,946   0,000   0,000   0,000   347,367      
0,63/27   21,087   147,136   147,136   18,898   0,177   0,955   15,661   6,379   0,771   1,874   0,000   0,000   0,000   357,429      
0,63/28   21,868   152,586   152,586   18,223   0,171   0,921   15,102   6,151   0,744   1,807   0,000   0,000   0,000   367,608      
0,75/ 1   0,781   6,539   6,539   612,297   4,790   25,775   422,847   172,235   20,828   50,592   0,000   0,000   0,000   1251,803      
0,75/ 2   1,562   13,079   13,079   306,149   2,395   12,888   211,424   86,118   10,414   25,296   0,000   0,000   0,000   646,694      
0,75/ 3   2,343   19,618   19,618   204,099   1,597   8,592   140,949   57,412   6,943   16,864   0,000   0,000   0,000   454,228      
0,75/ 4   3,124   26,158   26,158   153,074   1,198   6,444   105,712   43,059   5,207   12,648   0,000   0,000   0,000   364,927      
0,75/ 5   3,905   32,697   32,697   122,459   0,958   5,155   84,569   34,447   4,166   10,118   0,000   0,000   0,000   316,887      
0,75/ 6   4,686   39,236   39,236   102,050   0,798   4,296   70,475   28,706   3,471   8,432   0,000   0,000   0,000   289,483      
0,75/ 7   5,467   45,776   45,776   87,471   0,684   3,682   60,407   24,605   2,975   7,227   0,000   0,000   0,000   273,868      
0,75/ 8   6,248   52,315   52,315   76,537   0,599   3,222   52,856   21,529   2,604   6,324   0,000   0,000   0,000   265,621      
0,75/ 9   7,029   58,855   58,855   68,033   0,532   2,864   46,983   19,137   2,314   5,621   0,000   0,000   0,000   262,288      
0,75/10   7,810   65,394   65,394   61,230   0,479   2,578   42,285   17,224   2,083   5,059   0,000   0,000   0,000   262,394      
0,75/11   8,591   71,933   71,933   55,663   0,435   2,343   38,441   15,658   1,893   4,599   0,000   0,000   0,000   264,997      
0,75/12   9,372   78,473   78,473   51,025   0,399   2,148   35,237   14,353   1,736   4,216   0,000   0,000   0,000   269,48      
0,75/13   10,153   85,012   85,012   47,100   0,368   1,983   32,527   13,249   1,602   3,892   0,000   0,000   0,000   275,404      
0,75/14   10,934   91,552   91,552   43,736   0,342   1,841   30,203   12,303   1,488   3,614   0,000   0,000   0,000   282,463      
0,75/15   11,715   98,091   98,091   40,820   0,319   1,718   28,190   11,482   1,389   3,373   0,000   0,000   0,000   290,426      
0,75/16   12,496   104,630   104,630   38,269   0,299   1,611   26,428   10,765   1,302   3,162   0,000   0,000   0,000   299,128      
0,75/17   13,277   111,170   111,170   36,017   0,282   1,516   24,873   10,131   1,225   2,976   0,000   0,000   0,000   308,436      
0,75/18   14,058   117,709   117,709   34,017   0,266   1,432   23,492   9,569   1,157   2,811   0,000   0,000   0,000   318,252      
0,75/19   14,839   124,249   124,249   32,226   0,252   1,357   22,255   9,065   1,096   2,663   0,000   0,000   0,000   328,492      
0,75/20   15,620   130,788   130,788   30,615   0,240   1,289   21,142   8,612   1,041   2,530   0,000   0,000   0,000   339,094      
0,75/21   16,401   137,327   137,327   29,157   0,228   1,227   20,136   8,202   0,992   2,409   0,000   0,000   0,000   350,005      
0,75/22   17,182   143,867   143,867   27,832   0,218   1,172   19,220   7,829   0,947   2,300   0,000   0,000   0,000   361,187      
0,75/23   17,963   150,406   150,406   26,622   0,208   1,121   18,385   7,488   0,906   2,200   0,000   0,000   0,000   372,599      
0,75/24   18,744   156,946   156,946   25,512   0,200   1,074   17,619   7,176   0,868   2,108   0,000   0,000   0,000   384,217      
0,75/25   19,525   163,485   163,485   24,492   0,192   1,031   16,914   6,889   0,833   2,024   0,000   0,000   0,000   396,013      
0,75/26   20,306   170,024   170,024   23,550   0,184   0,991   16,263   6,624   0,801   1,946   0,000   0,000   0,000   407,966      
0,75/27   21,087   176,564   176,564   22,678   0,177   0,955   15,661   6,379   0,771   1,874   0,000   0,000   0,000   420,065      
0,75/28   21,868   183,103   183,103   21,868   0,171   0,921   15,102   6,151   0,744   1,807   0,000   0,000   0,000   432,287      
0,80/ 1   0,781   6,975   6,975   653,117   4,790   25,775   422,847   172,235   20,828   50,592   0,000   0,000   0,000   1293,495      
0,80/ 2   1,562   13,951   13,951   326,558   2,395   12,888   211,424   86,118   10,414   25,296   0,000   0,000   0,000   668,847      
0,80/ 3   2,343   20,926   20,926   217,706   1,597   8,592   140,949   57,412   6,943   16,864   0,000   0,000   0,000   470,451      
0,80/ 4   3,124   27,901   27,901   163,279   1,198   6,444   105,712   43,059   5,207   12,648   0,000   0,000   0,000   378,618      
0,80/ 5   3,905   34,877   34,877   130,623   0,958   5,155   84,569   34,447   4,166   10,118   0,000   0,000   0,000   329,411      
0,80/ 6   4,686   41,852   41,852   108,853   0,798   4,296   70,475   28,706   3,471   8,432   0,000   0,000   0,000   301,518      
0,80/ 7   5,467   48,828   48,828   93,302   0,684   3,682   60,407   24,605   2,975   7,227   0,000   0,000   0,000   285,803      
0,80/ 8   6,248   55,803   55,803   81,640   0,599   3,222   52,856   21,529   2,604   6,324   0,000   0,000   0,000   277,7      
0,80/ 9   7,029   62,778   62,778   72,569   0,532   2,864   46,983   19,137   2,314   5,621   0,000   0,000   0,000   274,67      
0,80/10   7,810   69,754   69,754   65,312   0,479   2,578   42,285   17,224   2,083   5,059   0,000   0,000   0,000   275,196      
0,80/11   8,591   76,729   76,729   59,374   0,435   2,343   38,441   15,658   1,893   4,599   0,000   0,000   0,000   278,3      
0,80/12   9,372   83,704   83,704   54,426   0,399   2,148   35,237   14,353   1,736   4,216   0,000   0,000   0,000   283,343      
0,80/13   10,153   90,680   90,680   50,240   0,368   1,983   32,527   13,249   1,602   3,892   0,000   0,000   0,000   289,88      
0,80/14   10,934   97,655   97,655   46,651   0,342   1,841   30,203   12,303   1,488   3,614   0,000   0,000   0,000   297,584      
0,80/15   11,715   104,630   104,630   43,541   0,319   1,718   28,190   11,482   1,389   3,373   0,000   0,000   0,000   306,225      
0,80/16   12,496   111,606   111,606   40,820   0,299   1,611   26,428   10,765   1,302   3,162   0,000   0,000   0,000   315,631      
0,80/17   13,277   118,581   118,581   38,419   0,282   1,516   24,873   10,131   1,225   2,976   0,000   0,000   0,000   325,66      
0,80/18   14,058   125,556   125,556   36,284   0,266   1,432   23,492   9,569   1,157   2,811   0,000   0,000   0,000   336,213      
0,80/19   14,839   132,532   132,532   34,375   0,252   1,357   22,255   9,065   1,096   2,663   0,000   0,000   0,000   347,207      
0,80/20   15,620   139,507   139,507   32,656   0,240   1,289   21,142   8,612   1,041   2,530   0,000   0,000   0,000   358,573      
0,80/21   16,401   146,483   146,483   31,101   0,228   1,227   20,136   8,202   0,992   2,409   0,000   0,000   0,000   370,261      
0,80/22   17,182   153,458   153,458   29,687   0,218   1,172   19,220   7,829   0,947   2,300   0,000   0,000   0,000   382,224      
0,80/23   17,963   160,433   160,433   28,396   0,208   1,121   18,385   7,488   0,906   2,200   0,000   0,000   0,000   394,427      
0,80/24   18,744   167,409   167,409   27,213   0,200   1,074   17,619   7,176   0,868   2,108   0,000   0,000   0,000   406,844      
0,80/25   19,525   174,384   174,384   26,125   0,192   1,031   16,914   6,889   0,833   2,024   0,000   0,000   0,000   419,444      
0,80/26   20,306   181,359   181,359   25,120   0,184   0,991   16,263   6,624   0,801   1,946   0,000   0,000   0,000   432,206      
0,80/27   21,087   188,335   188,335   24,190   0,177   0,955   15,661   6,379   0,771   1,874   0,000   0,000   0,000   445,119      
0,80/28   21,868   195,310   195,310   23,326   0,171   0,921   15,102   6,151   0,744   1,807   0,000   0,000   0,000   458,159      
                                                
ќптимизационные значени€
ar/ћес€ц   S1   S2   S3   S4   S5   S6   S7   S8   S9   S10   Sдоп1   Sдоп2   Sдоп3   —умма      
0,50/10   7,810   43,596   43,596   40,820   0,479   2,578   42,285   17,224   2,083   5,059   0,000   0,000   0,000   198,388      
0,33/12   9,372   34,842   34,842   22,655   0,399   2,148   35,237   14,353   1,736   4,216   0,000   0,000   0,000   153,848      
0,25/13   10,153   28,337   28,337   15,700   0,368   1,983   32,527   13,249   1,602   3,892   0,000   0,000   0,000   130,654      
0,20/14   10,934   24,414   24,414   11,663   0,342   1,841   30,203   12,303   1,488   3,614   0,000   0,000   0,000   116,114      
0,67/10   7,810   58,157   58,157   54,454   0,479   2,578   42,285   17,224   2,083   5,059   0,000   0,000   0,000   241,144      
0,63/10   7,810   54,495   54,495   51,025   0,479   2,578   42,285   17,224   2,083   5,059   0,000   0,000   0,000   230,391      
0,75/ 9   7,029   58,855   58,855   68,033   0,532   2,864   46,983   19,137   2,314   5,621   0,000   0,000   0,000   262,288      
0,80/ 9   7,029   62,778   62,778   72,569   0,532   2,864   46,983   19,137   2,314   5,621   0,000   0,000   0,000   274,67      
                                                
–асчет эффективности
ar/ћес€ц   —уп   Ён   Ёос   Ёоб   Ёс   Ёз   Ёq   Ёобщ      
0,50/10   42,58   22,81   0,27   0,13   0,05   0,01   8,32   139,43      
                              
ƒельта и т.д.
ar/ћес€ц   Smax   —умма   ƒельта Smax-—умма      
               
