–езультаты расчета
ar/ћес€ц   S1   S2   S3   S4   S5   S6   S7   S8   S9   S10   Sдоп1   Sдоп2   Sдоп3   —умма      
0,50/ 1   2,520   5,024   5,024   1050,049   6,556   30,670   578,746   496,226   60,008   145,761   0,000   0,000   0,000   2174,815      
0,50/ 2   5,040   10,048   10,048   525,025   3,278   15,335   289,373   248,113   30,004   72,880   0,000   0,000   0,000   1106,26      
0,50/ 3   7,560   15,072   15,072   350,016   2,185   10,223   192,915   165,409   20,003   48,587   0,000   0,000   0,000   758,452      
0,50/ 4   10,080   20,097   20,097   262,512   1,639   7,667   144,686   124,056   15,002   36,440   0,000   0,000   0,000   590,834      
0,50/ 5   12,601   25,121   25,121   210,010   1,311   6,134   115,749   99,245   12,002   29,152   0,000   0,000   0,000   495,292      
0,50/ 6   15,121   30,145   30,145   175,008   1,093   5,112   96,458   82,704   10,001   24,293   0,000   0,000   0,000   435,786      
0,50/ 7   17,641   35,169   35,169   150,007   0,937   4,381   82,678   70,889   8,573   20,823   0,000   0,000   0,000   396,871      
0,50/ 8   20,161   40,193   40,193   131,256   0,820   3,834   72,343   62,028   7,501   18,220   0,000   0,000   0,000   370,828      
0,50/ 9   22,681   45,217   45,217   116,672   0,728   3,408   64,305   55,136   6,668   16,196   0,000   0,000   0,000   353,364      
0,50/10   25,201   50,242   50,242   105,005   0,656   3,067   57,875   49,623   6,001   14,576   0,000   0,000   0,000   341,911      
0,50/11   27,721   55,266   55,266   95,459   0,596   2,788   52,613   45,111   5,455   13,251   0,000   0,000   0,000   334,82      
0,50/12   30,241   60,290   60,290   87,504   0,546   2,556   48,229   41,352   5,001   12,147   0,000   0,000   0,000   331,008      
0,50/13   32,762   65,314   65,314   80,773   0,504   2,359   44,519   38,171   4,616   11,212   0,000   0,000   0,000   329,716      
0,50/14   35,282   70,338   70,338   75,004   0,468   2,191   41,339   35,445   4,286   10,411   0,000   0,000   0,000   330,405      
0,50/15   37,802   75,362   75,362   70,003   0,437   2,045   38,583   33,082   4,001   9,717   0,000   0,000   0,000   332,676      
0,50/16   40,322   80,387   80,387   65,628   0,410   1,917   36,172   31,014   3,751   9,110   0,000   0,000   0,000   336,237      
0,50/17   42,842   85,411   85,411   61,768   0,386   1,804   34,044   29,190   3,530   8,574   0,000   0,000   0,000   340,856      
0,50/18   45,362   90,435   90,435   58,336   0,364   1,704   32,153   27,568   3,334   8,098   0,000   0,000   0,000   346,357      
0,50/19   47,882   95,459   95,459   55,266   0,345   1,614   30,460   26,117   3,158   7,672   0,000   0,000   0,000   352,602      
0,50/20   50,402   100,483   100,483   52,502   0,328   1,533   28,937   24,811   3,000   7,288   0,000   0,000   0,000   359,479      
0,50/21   52,922   105,507   105,507   50,002   0,312   1,460   27,559   23,630   2,858   6,941   0,000   0,000   0,000   366,899      
0,50/22   55,443   110,532   110,532   47,730   0,298   1,394   26,307   22,556   2,728   6,625   0,000   0,000   0,000   374,792      
0,50/23   57,963   115,556   115,556   45,654   0,285   1,333   25,163   21,575   2,609   6,337   0,000   0,000   0,000   383,085      
0,50/24   60,483   120,580   120,580   43,752   0,273   1,278   24,114   20,676   2,500   6,073   0,000   0,000   0,000   391,736      
0,50/25   63,003   125,604   125,604   42,002   0,262   1,227   23,150   19,849   2,400   5,830   0,000   0,000   0,000   400,701      
0,33/ 1   2,520   3,346   3,346   699,333   6,556   30,670   578,746   496,226   60,008   145,761   0,000   0,000   0,000   1820,743      
0,33/ 2   5,040   6,692   6,692   349,666   3,278   15,335   289,373   248,113   30,004   72,880   0,000   0,000   0,000   924,189      
0,33/ 3   7,560   10,038   10,038   233,111   2,185   10,223   192,915   165,409   20,003   48,587   0,000   0,000   0,000   631,479      
0,33/ 4   10,080   13,384   13,384   174,833   1,639   7,667   144,686   124,056   15,002   36,440   0,000   0,000   0,000   489,729      
0,33/ 5   12,601   16,730   16,730   139,867   1,311   6,134   115,749   99,245   12,002   29,152   0,000   0,000   0,000   408,367      
0,33/ 6   15,121   20,077   20,077   116,555   1,093   5,112   96,458   82,704   10,001   24,293   0,000   0,000   0,000   357,197      
0,33/ 7   17,641   23,423   23,423   99,905   0,937   4,381   82,678   70,889   8,573   20,823   0,000   0,000   0,000   323,277      
0,33/ 8   20,161   26,769   26,769   87,417   0,820   3,834   72,343   62,028   7,501   18,220   0,000   0,000   0,000   300,141      
0,33/ 9   22,681   30,115   30,115   77,704   0,728   3,408   64,305   55,136   6,668   16,196   0,000   0,000   0,000   284,192      
0,33/10   25,201   33,461   33,461   69,933   0,656   3,067   57,875   49,623   6,001   14,576   0,000   0,000   0,000   273,277      
0,33/11   27,721   36,807   36,807   63,576   0,596   2,788   52,613   45,111   5,455   13,251   0,000   0,000   0,000   266,019      
0,33/12   30,241   40,153   40,153   58,278   0,546   2,556   48,229   41,352   5,001   12,147   0,000   0,000   0,000   261,508      
0,33/13   32,762   43,499   43,499   53,795   0,504   2,359   44,519   38,171   4,616   11,212   0,000   0,000   0,000   259,108      
0,33/14   35,282   46,845   46,845   49,952   0,468   2,191   41,339   35,445   4,286   10,411   0,000   0,000   0,000   258,367      
0,33/15   37,802   50,191   50,191   46,622   0,437   2,045   38,583   33,082   4,001   9,717   0,000   0,000   0,000   258,953      
0,33/16   40,322   53,537   53,537   43,708   0,410   1,917   36,172   31,014   3,751   9,110   0,000   0,000   0,000   260,617      
0,33/17   42,842   56,884   56,884   41,137   0,386   1,804   34,044   29,190   3,530   8,574   0,000   0,000   0,000   263,171      
0,33/18   45,362   60,230   60,230   38,852   0,364   1,704   32,153   27,568   3,334   8,098   0,000   0,000   0,000   266,463      
0,33/19   47,882   63,576   63,576   36,807   0,345   1,614   30,460   26,117   3,158   7,672   0,000   0,000   0,000   270,377      
0,33/20   50,402   66,922   66,922   34,967   0,328   1,533   28,937   24,811   3,000   7,288   0,000   0,000   0,000   274,822      
0,33/21   52,922   70,268   70,268   33,302   0,312   1,460   27,559   23,630   2,858   6,941   0,000   0,000   0,000   279,721      
0,33/22   55,443   73,614   73,614   31,788   0,298   1,394   26,307   22,556   2,728   6,625   0,000   0,000   0,000   285,014      
0,33/23   57,963   76,960   76,960   30,406   0,285   1,333   25,163   21,575   2,609   6,337   0,000   0,000   0,000   290,645      
0,33/24   60,483   80,306   80,306   29,139   0,273   1,278   24,114   20,676   2,500   6,073   0,000   0,000   0,000   296,575      
0,33/25   63,003   83,652   83,652   27,973   0,262   1,227   23,150   19,849   2,400   5,830   0,000   0,000   0,000   302,768      
0,25/ 1   2,520   2,512   2,512   525,025   6,556   30,670   578,746   496,226   60,008   145,761   0,000   0,000   0,000   1644,767      
0,25/ 2   5,040   5,024   5,024   262,512   3,278   15,335   289,373   248,113   30,004   72,880   0,000   0,000   0,000   833,699      
0,25/ 3   7,560   7,536   7,536   175,008   2,185   10,223   192,915   165,409   20,003   48,587   0,000   0,000   0,000   568,372      
0,25/ 4   10,080   10,048   10,048   131,256   1,639   7,667   144,686   124,056   15,002   36,440   0,000   0,000   0,000   439,48      
0,25/ 5   12,601   12,560   12,560   105,005   1,311   6,134   115,749   99,245   12,002   29,152   0,000   0,000   0,000   365,165      
0,25/ 6   15,121   15,072   15,072   87,504   1,093   5,112   96,458   82,704   10,001   24,293   0,000   0,000   0,000   318,136      
0,25/ 7   17,641   17,585   17,585   75,004   0,937   4,381   82,678   70,889   8,573   20,823   0,000   0,000   0,000   286,7      
0,25/ 8   20,161   20,097   20,097   65,628   0,820   3,834   72,343   62,028   7,501   18,220   0,000   0,000   0,000   265,008      
0,25/ 9   22,681   22,609   22,609   58,336   0,728   3,408   64,305   55,136   6,668   16,196   0,000   0,000   0,000   249,812      
0,25/10   25,201   25,121   25,121   52,502   0,656   3,067   57,875   49,623   6,001   14,576   0,000   0,000   0,000   239,166      
0,25/11   27,721   27,633   27,633   47,730   0,596   2,788   52,613   45,111   5,455   13,251   0,000   0,000   0,000   231,825      
0,25/12   30,241   30,145   30,145   43,752   0,546   2,556   48,229   41,352   5,001   12,147   0,000   0,000   0,000   226,966      
0,25/13   32,762   32,657   32,657   40,387   0,504   2,359   44,519   38,171   4,616   11,212   0,000   0,000   0,000   224,016      
0,25/14   35,282   35,169   35,169   37,502   0,468   2,191   41,339   35,445   4,286   10,411   0,000   0,000   0,000   222,565      
0,25/15   37,802   37,681   37,681   35,002   0,437   2,045   38,583   33,082   4,001   9,717   0,000   0,000   0,000   222,313      
0,25/16   40,322   40,193   40,193   32,814   0,410   1,917   36,172   31,014   3,751   9,110   0,000   0,000   0,000   223,035      
0,25/17   42,842   42,705   42,705   30,884   0,386   1,804   34,044   29,190   3,530   8,574   0,000   0,000   0,000   224,56      
0,25/18   45,362   45,217   45,217   29,168   0,364   1,704   32,153   27,568   3,334   8,098   0,000   0,000   0,000   226,753      
0,25/19   47,882   47,730   47,730   27,633   0,345   1,614   30,460   26,117   3,158   7,672   0,000   0,000   0,000   229,511      
0,25/20   50,402   50,242   50,242   26,251   0,328   1,533   28,937   24,811   3,000   7,288   0,000   0,000   0,000   232,746      
0,25/21   52,922   52,754   52,754   25,001   0,312   1,460   27,559   23,630   2,858   6,941   0,000   0,000   0,000   236,392      
0,25/22   55,443   55,266   55,266   23,865   0,298   1,394   26,307   22,556   2,728   6,625   0,000   0,000   0,000   240,395      
0,25/23   57,963   57,778   57,778   22,827   0,285   1,333   25,163   21,575   2,609   6,337   0,000   0,000   0,000   244,702      
0,25/24   60,483   60,290   60,290   21,876   0,273   1,278   24,114   20,676   2,500   6,073   0,000   0,000   0,000   249,28      
0,25/25   63,003   62,802   62,802   21,001   0,262   1,227   23,150   19,849   2,400   5,830   0,000   0,000   0,000   254,096      
0,20/ 1   2,520   2,010   2,010   420,020   6,556   30,670   578,746   496,226   60,008   145,761   0,000   0,000   0,000   1538,758      
0,20/ 2   5,040   4,019   4,019   210,010   3,278   15,335   289,373   248,113   30,004   72,880   0,000   0,000   0,000   779,187      
0,20/ 3   7,560   6,029   6,029   140,007   2,185   10,223   192,915   165,409   20,003   48,587   0,000   0,000   0,000   530,357      
0,20/ 4   10,080   8,039   8,039   105,005   1,639   7,667   144,686   124,056   15,002   36,440   0,000   0,000   0,000   409,211      
0,20/ 5   12,601   10,048   10,048   84,004   1,311   6,134   115,749   99,245   12,002   29,152   0,000   0,000   0,000   339,14      
0,20/ 6   15,121   12,058   12,058   70,003   1,093   5,112   96,458   82,704   10,001   24,293   0,000   0,000   0,000   294,607      
0,20/ 7   17,641   14,068   14,068   60,003   0,937   4,381   82,678   70,889   8,573   20,823   0,000   0,000   0,000   264,665      
0,20/ 8   20,161   16,077   16,077   52,502   0,820   3,834   72,343   62,028   7,501   18,220   0,000   0,000   0,000   243,842      
0,20/ 9   22,681   18,087   18,087   46,669   0,728   3,408   64,305   55,136   6,668   16,196   0,000   0,000   0,000   229,101      
0,20/10   25,201   20,097   20,097   42,002   0,656   3,067   57,875   49,623   6,001   14,576   0,000   0,000   0,000   218,618      
0,20/11   27,721   22,106   22,106   38,184   0,596   2,788   52,613   45,111   5,455   13,251   0,000   0,000   0,000   211,225      
0,20/12   30,241   24,116   24,116   35,002   0,546   2,556   48,229   41,352   5,001   12,147   0,000   0,000   0,000   206,158      
0,20/13   32,762   26,126   26,126   32,309   0,504   2,359   44,519   38,171   4,616   11,212   0,000   0,000   0,000   202,876      
0,20/14   35,282   28,135   28,135   30,001   0,468   2,191   41,339   35,445   4,286   10,411   0,000   0,000   0,000   200,996      
0,20/15   37,802   30,145   30,145   28,001   0,437   2,045   38,583   33,082   4,001   9,717   0,000   0,000   0,000   200,24      
0,20/16   40,322   32,155   32,155   26,251   0,410   1,917   36,172   31,014   3,751   9,110   0,000   0,000   0,000   200,396      
0,20/17   42,842   34,164   34,164   24,707   0,386   1,804   34,044   29,190   3,530   8,574   0,000   0,000   0,000   201,301      
0,20/18   45,362   36,174   36,174   23,334   0,364   1,704   32,153   27,568   3,334   8,098   0,000   0,000   0,000   202,833      
0,20/19   47,882   38,184   38,184   22,106   0,345   1,614   30,460   26,117   3,158   7,672   0,000   0,000   0,000   204,892      
0,20/20   50,402   40,193   40,193   21,001   0,328   1,533   28,937   24,811   3,000   7,288   0,000   0,000   0,000   207,398      
0,20/21   52,922   42,203   42,203   20,001   0,312   1,460   27,559   23,630   2,858   6,941   0,000   0,000   0,000   210,29      
0,20/22   55,443   44,213   44,213   19,092   0,298   1,394   26,307   22,556   2,728   6,625   0,000   0,000   0,000   213,516      
0,20/23   57,963   46,222   46,222   18,262   0,285   1,333   25,163   21,575   2,609   6,337   0,000   0,000   0,000   217,025      
0,20/24   60,483   48,232   48,232   17,501   0,273   1,278   24,114   20,676   2,500   6,073   0,000   0,000   0,000   220,789      
0,20/25   63,003   50,242   50,242   16,801   0,262   1,227   23,150   19,849   2,400   5,830   0,000   0,000   0,000   224,776      
0,67/ 1   2,520   6,702   6,702   1400,766   6,556   30,670   578,746   496,226   60,008   145,761   0,000   0,000   0,000   2528,888      
0,67/ 2   5,040   13,404   13,404   700,383   3,278   15,335   289,373   248,113   30,004   72,880   0,000   0,000   0,000   1288,33      
0,67/ 3   7,560   20,107   20,107   466,922   2,185   10,223   192,915   165,409   20,003   48,587   0,000   0,000   0,000   885,428      
0,67/ 4   10,080   26,809   26,809   350,191   1,639   7,667   144,686   124,056   15,002   36,440   0,000   0,000   0,000   691,937      
0,67/ 5   12,601   33,511   33,511   280,153   1,311   6,134   115,749   99,245   12,002   29,152   0,000   0,000   0,000   582,215      
0,67/ 6   15,121   40,213   40,213   233,461   1,093   5,112   96,458   82,704   10,001   24,293   0,000   0,000   0,000   514,375      
0,67/ 7   17,641   46,916   46,916   200,109   0,937   4,381   82,678   70,889   8,573   20,823   0,000   0,000   0,000   470,467      
0,67/ 8   20,161   53,618   53,618   175,096   0,820   3,834   72,343   62,028   7,501   18,220   0,000   0,000   0,000   441,518      
0,67/ 9   22,681   60,320   60,320   155,641   0,728   3,408   64,305   55,136   6,668   16,196   0,000   0,000   0,000   422,539      
0,67/10   25,201   67,022   67,022   140,077   0,656   3,067   57,875   49,623   6,001   14,576   0,000   0,000   0,000   410,543      
0,67/11   27,721   73,725   73,725   127,342   0,596   2,788   52,613   45,111   5,455   13,251   0,000   0,000   0,000   403,621      
0,67/12   30,241   80,427   80,427   116,730   0,546   2,556   48,229   41,352   5,001   12,147   0,000   0,000   0,000   400,508      
0,67/13   32,762   87,129   87,129   107,751   0,504   2,359   44,519   38,171   4,616   11,212   0,000   0,000   0,000   400,324      
0,67/14   35,282   93,831   93,831   100,055   0,468   2,191   41,339   35,445   4,286   10,411   0,000   0,000   0,000   402,442      
0,67/15   37,802   100,533   100,533   93,384   0,437   2,045   38,583   33,082   4,001   9,717   0,000   0,000   0,000   406,399      
0,67/16   40,322   107,236   107,236   87,548   0,410   1,917   36,172   31,014   3,751   9,110   0,000   0,000   0,000   411,855      
0,67/17   42,842   113,938   113,938   82,398   0,386   1,804   34,044   29,190   3,530   8,574   0,000   0,000   0,000   418,54      
0,67/18   45,362   120,640   120,640   77,820   0,364   1,704   32,153   27,568   3,334   8,098   0,000   0,000   0,000   426,251      
0,67/19   47,882   127,342   127,342   73,725   0,345   1,614   30,460   26,117   3,158   7,672   0,000   0,000   0,000   434,827      
0,67/20   50,402   134,045   134,045   70,038   0,328   1,533   28,937   24,811   3,000   7,288   0,000   0,000   0,000   444,139      
0,67/21   52,922   140,747   140,747   66,703   0,312   1,460   27,559   23,630   2,858   6,941   0,000   0,000   0,000   454,08      
0,67/22   55,443   147,449   147,449   63,671   0,298   1,394   26,307   22,556   2,728   6,625   0,000   0,000   0,000   464,567      
0,67/23   57,963   154,151   154,151   60,903   0,285   1,333   25,163   21,575   2,609   6,337   0,000   0,000   0,000   475,524      
0,67/24   60,483   160,854   160,854   58,365   0,273   1,278   24,114   20,676   2,500   6,073   0,000   0,000   0,000   486,897      
0,67/25   63,003   167,556   167,556   56,031   0,262   1,227   23,150   19,849   2,400   5,830   0,000   0,000   0,000   498,634      
0,63/ 1   2,520   6,280   6,280   1312,562   6,556   30,670   578,746   496,226   60,008   145,761   0,000   0,000   0,000   2439,84      
0,63/ 2   5,040   12,560   12,560   656,281   3,278   15,335   289,373   248,113   30,004   72,880   0,000   0,000   0,000   1242,54      
0,63/ 3   7,560   18,841   18,841   437,521   2,185   10,223   192,915   165,409   20,003   48,587   0,000   0,000   0,000   853,495      
0,63/ 4   10,080   25,121   25,121   328,140   1,639   7,667   144,686   124,056   15,002   36,440   0,000   0,000   0,000   666,51      
0,63/ 5   12,601   31,401   31,401   262,512   1,311   6,134   115,749   99,245   12,002   29,152   0,000   0,000   0,000   560,354      
0,63/ 6   15,121   37,681   37,681   218,760   1,093   5,112   96,458   82,704   10,001   24,293   0,000   0,000   0,000   494,61      
0,63/ 7   17,641   43,961   43,961   187,509   0,937   4,381   82,678   70,889   8,573   20,823   0,000   0,000   0,000   451,957      
0,63/ 8   20,161   50,242   50,242   164,070   0,820   3,834   72,343   62,028   7,501   18,220   0,000   0,000   0,000   423,74      
0,63/ 9   22,681   56,522   56,522   145,840   0,728   3,408   64,305   55,136   6,668   16,196   0,000   0,000   0,000   405,142      
0,63/10   25,201   62,802   62,802   131,256   0,656   3,067   57,875   49,623   6,001   14,576   0,000   0,000   0,000   393,282      
0,63/11   27,721   69,082   69,082   119,324   0,596   2,788   52,613   45,111   5,455   13,251   0,000   0,000   0,000   386,317      
0,63/12   30,241   75,362   75,362   109,380   0,546   2,556   48,229   41,352   5,001   12,147   0,000   0,000   0,000   383,028      
0,63/13   32,762   81,643   81,643   100,966   0,504   2,359   44,519   38,171   4,616   11,212   0,000   0,000   0,000   382,567      
0,63/14   35,282   87,923   87,923   93,754   0,468   2,191   41,339   35,445   4,286   10,411   0,000   0,000   0,000   384,325      
0,63/15   37,802   94,203   94,203   87,504   0,437   2,045   38,583   33,082   4,001   9,717   0,000   0,000   0,000   387,859      
0,63/16   40,322   100,483   100,483   82,035   0,410   1,917   36,172   31,014   3,751   9,110   0,000   0,000   0,000   392,836      
0,63/17   42,842   106,763   106,763   77,210   0,386   1,804   34,044   29,190   3,530   8,574   0,000   0,000   0,000   399,002      
0,63/18   45,362   113,044   113,044   72,920   0,364   1,704   32,153   27,568   3,334   8,098   0,000   0,000   0,000   406,159      
0,63/19   47,882   119,324   119,324   69,082   0,345   1,614   30,460   26,117   3,158   7,672   0,000   0,000   0,000   414,148      
0,63/20   50,402   125,604   125,604   65,628   0,328   1,533   28,937   24,811   3,000   7,288   0,000   0,000   0,000   422,847      
0,63/21   52,922   131,884   131,884   62,503   0,312   1,460   27,559   23,630   2,858   6,941   0,000   0,000   0,000   432,154      
0,63/22   55,443   138,164   138,164   59,662   0,298   1,394   26,307   22,556   2,728   6,625   0,000   0,000   0,000   441,988      
0,63/23   57,963   144,445   144,445   57,068   0,285   1,333   25,163   21,575   2,609   6,337   0,000   0,000   0,000   452,277      
0,63/24   60,483   150,725   150,725   54,690   0,273   1,278   24,114   20,676   2,500   6,073   0,000   0,000   0,000   462,964      
0,63/25   63,003   157,005   157,005   52,502   0,262   1,227   23,150   19,849   2,400   5,830   0,000   0,000   0,000   474,003      
0,75/ 1   2,520   7,536   7,536   1575,074   6,556   30,670   578,746   496,226   60,008   145,761   0,000   0,000   0,000   2704,864      
0,75/ 2   5,040   15,072   15,072   787,537   3,278   15,335   289,373   248,113   30,004   72,880   0,000   0,000   0,000   1378,82      
0,75/ 3   7,560   22,609   22,609   525,025   2,185   10,223   192,915   165,409   20,003   48,587   0,000   0,000   0,000   948,535      
0,75/ 4   10,080   30,145   30,145   393,769   1,639   7,667   144,686   124,056   15,002   36,440   0,000   0,000   0,000   742,187      
0,75/ 5   12,601   37,681   37,681   315,015   1,311   6,134   115,749   99,245   12,002   29,152   0,000   0,000   0,000   625,417      
0,75/ 6   15,121   45,217   45,217   262,512   1,093   5,112   96,458   82,704   10,001   24,293   0,000   0,000   0,000   553,434      
0,75/ 7   17,641   52,754   52,754   225,011   0,937   4,381   82,678   70,889   8,573   20,823   0,000   0,000   0,000   507,045      
0,75/ 8   20,161   60,290   60,290   196,884   0,820   3,834   72,343   62,028   7,501   18,220   0,000   0,000   0,000   476,65      
0,75/ 9   22,681   67,826   67,826   175,008   0,728   3,408   64,305   55,136   6,668   16,196   0,000   0,000   0,000   456,918      
0,75/10   25,201   75,362   75,362   157,507   0,656   3,067   57,875   49,623   6,001   14,576   0,000   0,000   0,000   444,653      
0,75/11   27,721   82,899   82,899   143,189   0,596   2,788   52,613   45,111   5,455   13,251   0,000   0,000   0,000   437,816      
0,75/12   30,241   90,435   90,435   131,256   0,546   2,556   48,229   41,352   5,001   12,147   0,000   0,000   0,000   435,05      
0,75/13   32,762   97,971   97,971   121,160   0,504   2,359   44,519   38,171   4,616   11,212   0,000   0,000   0,000   435,417      
0,75/14   35,282   105,507   105,507   112,505   0,468   2,191   41,339   35,445   4,286   10,411   0,000   0,000   0,000   438,244      
0,75/15   37,802   113,044   113,044   105,005   0,437   2,045   38,583   33,082   4,001   9,717   0,000   0,000   0,000   443,042      
0,75/16   40,322   120,580   120,580   98,442   0,410   1,917   36,172   31,014   3,751   9,110   0,000   0,000   0,000   449,437      
0,75/17   42,842   128,116   128,116   92,651   0,386   1,804   34,044   29,190   3,530   8,574   0,000   0,000   0,000   457,149      
0,75/18   45,362   135,652   135,652   87,504   0,364   1,704   32,153   27,568   3,334   8,098   0,000   0,000   0,000   465,959      
0,75/19   47,882   143,189   143,189   82,899   0,345   1,614   30,460   26,117   3,158   7,672   0,000   0,000   0,000   475,695      
0,75/20   50,402   150,725   150,725   78,754   0,328   1,533   28,937   24,811   3,000   7,288   0,000   0,000   0,000   486,215      
0,75/21   52,922   158,261   158,261   75,004   0,312   1,460   27,559   23,630   2,858   6,941   0,000   0,000   0,000   497,409      
0,75/22   55,443   165,797   165,797   71,594   0,298   1,394   26,307   22,556   2,728   6,625   0,000   0,000   0,000   509,186      
0,75/23   57,963   173,334   173,334   68,481   0,285   1,333   25,163   21,575   2,609   6,337   0,000   0,000   0,000   521,468      
0,75/24   60,483   180,870   180,870   65,628   0,273   1,278   24,114   20,676   2,500   6,073   0,000   0,000   0,000   534,192      
0,75/25   63,003   188,406   188,406   63,003   0,262   1,227   23,150   19,849   2,400   5,830   0,000   0,000   0,000   547,306      
0,80/ 1   2,520   8,039   8,039   1680,079   6,556   30,670   578,746   496,226   60,008   145,761   0,000   0,000   0,000   2810,875      
0,80/ 2   5,040   16,077   16,077   840,040   3,278   15,335   289,373   248,113   30,004   72,880   0,000   0,000   0,000   1433,333      
0,80/ 3   7,560   24,116   24,116   560,026   2,185   10,223   192,915   165,409   20,003   48,587   0,000   0,000   0,000   986,55      
0,80/ 4   10,080   32,155   32,155   420,020   1,639   7,667   144,686   124,056   15,002   36,440   0,000   0,000   0,000   772,458      
0,80/ 5   12,601   40,193   40,193   336,016   1,311   6,134   115,749   99,245   12,002   29,152   0,000   0,000   0,000   651,442      
0,80/ 6   15,121   48,232   48,232   280,013   1,093   5,112   96,458   82,704   10,001   24,293   0,000   0,000   0,000   576,965      
0,80/ 7   17,641   56,271   56,271   240,011   0,937   4,381   82,678   70,889   8,573   20,823   0,000   0,000   0,000   529,079      
0,80/ 8   20,161   64,309   64,309   210,010   0,820   3,834   72,343   62,028   7,501   18,220   0,000   0,000   0,000   497,814      
0,80/ 9   22,681   72,348   72,348   186,675   0,728   3,408   64,305   55,136   6,668   16,196   0,000   0,000   0,000   477,629      
0,80/10   25,201   80,387   80,387   168,008   0,656   3,067   57,875   49,623   6,001   14,576   0,000   0,000   0,000   465,204      
0,80/11   27,721   88,425   88,425   152,734   0,596   2,788   52,613   45,111   5,455   13,251   0,000   0,000   0,000   458,413      
0,80/12   30,241   96,464   96,464   140,007   0,546   2,556   48,229   41,352   5,001   12,147   0,000   0,000   0,000   455,859      
0,80/13   32,762   104,503   104,503   129,237   0,504   2,359   44,519   38,171   4,616   11,212   0,000   0,000   0,000   456,558      
0,80/14   35,282   112,541   112,541   120,006   0,468   2,191   41,339   35,445   4,286   10,411   0,000   0,000   0,000   459,813      
0,80/15   37,802   120,580   120,580   112,005   0,437   2,045   38,583   33,082   4,001   9,717   0,000   0,000   0,000   465,114      
0,80/16   40,322   128,618   128,618   105,005   0,410   1,917   36,172   31,014   3,751   9,110   0,000   0,000   0,000   472,076      
0,80/17   42,842   136,657   136,657   98,828   0,386   1,804   34,044   29,190   3,530   8,574   0,000   0,000   0,000   480,408      
0,80/18   45,362   144,696   144,696   93,338   0,364   1,704   32,153   27,568   3,334   8,098   0,000   0,000   0,000   489,881      
0,80/19   47,882   152,734   152,734   88,425   0,345   1,614   30,460   26,117   3,158   7,672   0,000   0,000   0,000   500,311      
0,80/20   50,402   160,773   160,773   84,004   0,328   1,533   28,937   24,811   3,000   7,288   0,000   0,000   0,000   511,561      
0,80/21   52,922   168,812   168,812   80,004   0,312   1,460   27,559   23,630   2,858   6,941   0,000   0,000   0,000   523,511      
0,80/22   55,443   176,850   176,850   76,367   0,298   1,394   26,307   22,556   2,728   6,625   0,000   0,000   0,000   536,065      
0,80/23   57,963   184,889   184,889   73,047   0,285   1,333   25,163   21,575   2,609   6,337   0,000   0,000   0,000   549,144      
0,80/24   60,483   192,928   192,928   70,003   0,273   1,278   24,114   20,676   2,500   6,073   0,000   0,000   0,000   562,683      
0,80/25   63,003   200,966   200,966   67,203   0,262   1,227   23,150   19,849   2,400   5,830   0,000   0,000   0,000   576,626      
                                                
ќптимизационные значени€
ar/ћес€ц   S1   S2   S3   S4   S5   S6   S7   S8   S9   S10   Sдоп1   Sдоп2   Sдоп3   —умма      
0,50/13   32,762   65,314   65,314   80,773   0,504   2,359   44,519   38,171   4,616   11,212   0,000   0,000   0,000   329,716      
0,33/14   35,282   46,845   46,845   49,952   0,468   2,191   41,339   35,445   4,286   10,411   0,000   0,000   0,000   258,367      
0,25/15   37,802   37,681   37,681   35,002   0,437   2,045   38,583   33,082   4,001   9,717   0,000   0,000   0,000   222,313      
0,20/15   37,802   30,145   30,145   28,001   0,437   2,045   38,583   33,082   4,001   9,717   0,000   0,000   0,000   200,24      
0,67/13   32,762   87,129   87,129   107,751   0,504   2,359   44,519   38,171   4,616   11,212   0,000   0,000   0,000   400,324      
0,63/13   32,762   81,643   81,643   100,966   0,504   2,359   44,519   38,171   4,616   11,212   0,000   0,000   0,000   382,567      
0,75/12   30,241   90,435   90,435   131,256   0,546   2,556   48,229   41,352   5,001   12,147   0,000   0,000   0,000   435,05      
0,80/12   30,241   96,464   96,464   140,007   0,546   2,556   48,229   41,352   5,001   12,147   0,000   0,000   0,000   455,859      
–ассчет эффективности
ar/ћес€ц   —уп   Ён   Ёос   Ёоб   Ёс   Ёз   Ёq   Ёобщ      
0,50/13   44,11   19,41   0,09   0,04   0,05   0,01   11,38   269,94      
0,33/14   46,85   20,62   0,09   0,04   0,05   0,01   11,38   269,94      
                              
ƒельта и т.д.
ar/ћес€ц   Smax   —умма   ƒельта Smax-—умма      
               
