–езультаты расчета
ar/ћес€ц   S1   S2   S3   S4   S5   S6   S7   S8   S9   S10   Sдоп1   Sдоп2   Sдоп3   —умма      
0,50/ 1   1,165   4,413   4,413   483,454   4,372   30,670   231,559   174,357   21,085   51,215   0,000   0,000   0,000   934,403      
0,50/ 2   2,330   8,827   8,827   241,727   2,186   15,335   115,780   87,178   10,542   25,608   0,000   0,000   0,000   482,19      
0,50/ 3   3,495   13,240   13,240   161,151   1,457   10,223   77,186   58,119   7,028   17,072   0,000   0,000   0,000   338,111      
0,50/ 4   4,660   17,653   17,653   120,864   1,093   7,667   57,890   43,589   5,271   12,804   0,000   0,000   0,000   271,069      
0,50/ 5   5,826   22,067   22,067   96,691   0,874   6,134   46,312   34,871   4,217   10,243   0,000   0,000   0,000   234,842      
0,50/ 6   6,991   26,480   26,480   80,576   0,729   5,112   38,593   29,059   3,514   8,536   0,000   0,000   0,000   214,02      
0,50/ 7   8,156   30,893   30,893   69,065   0,625   4,381   33,080   24,908   3,012   7,316   0,000   0,000   0,000   202,001      
0,50/ 8   9,321   35,306   35,306   60,432   0,546   3,834   28,945   21,795   2,636   6,402   0,000   0,000   0,000   195,485      
0,50/ 9   10,486   39,720   39,720   53,717   0,486   3,408   25,729   19,373   2,343   5,691   0,000   0,000   0,000   192,639      
0,50/10   11,651   44,133   44,133   48,345   0,437   3,067   23,156   17,436   2,108   5,122   0,000   0,000   0,000   192,358      
0,50/11   12,816   48,546   48,546   43,950   0,397   2,788   21,051   15,851   1,917   4,656   0,000   0,000   0,000   193,945      
0,50/12   13,981   52,960   52,960   40,288   0,364   2,556   19,297   14,530   1,757   4,268   0,000   0,000   0,000   196,936      
0,50/13   15,146   57,373   57,373   37,189   0,336   2,359   17,812   13,412   1,622   3,940   0,000   0,000   0,000   201      
0,50/14   16,312   61,786   61,786   34,532   0,312   2,191   16,540   12,454   1,506   3,658   0,000   0,000   0,000   205,913      
0,50/15   17,477   66,200   66,200   32,230   0,291   2,045   15,437   11,624   1,406   3,414   0,000   0,000   0,000   211,504      
0,50/16   18,642   70,613   70,613   30,216   0,273   1,917   14,472   10,897   1,318   3,201   0,000   0,000   0,000   217,643      
0,50/17   19,807   75,026   75,026   28,438   0,257   1,804   13,621   10,256   1,240   3,013   0,000   0,000   0,000   224,235      
0,50/18   20,972   79,439   79,439   26,859   0,243   1,704   12,864   9,686   1,171   2,845   0,000   0,000   0,000   231,206      
0,50/19   22,137   83,853   83,853   25,445   0,230   1,614   12,187   9,177   1,110   2,696   0,000   0,000   0,000   238,496      
0,33/ 1   1,165   2,939   2,939   321,980   4,372   30,670   231,559   174,357   21,085   51,215   0,000   0,000   0,000   769,981      
0,33/ 2   2,330   5,879   5,879   160,990   2,186   15,335   115,780   87,178   10,542   25,608   0,000   0,000   0,000   395,557      
0,33/ 3   3,495   8,818   8,818   107,327   1,457   10,223   77,186   58,119   7,028   17,072   0,000   0,000   0,000   275,443      
0,33/ 4   4,660   11,757   11,757   80,495   1,093   7,667   57,890   43,589   5,271   12,804   0,000   0,000   0,000   218,908      
0,33/ 5   5,826   14,696   14,696   64,396   0,874   6,134   46,312   34,871   4,217   10,243   0,000   0,000   0,000   187,805      
0,33/ 6   6,991   17,636   17,636   53,663   0,729   5,112   38,593   29,059   3,514   8,536   0,000   0,000   0,000   169,419      
0,33/ 7   8,156   20,575   20,575   45,997   0,625   4,381   33,080   24,908   3,012   7,316   0,000   0,000   0,000   158,297      
0,33/ 8   9,321   23,514   23,514   40,248   0,546   3,834   28,945   21,795   2,636   6,402   0,000   0,000   0,000   151,717      
0,33/ 9   10,486   26,453   26,453   35,776   0,486   3,408   25,729   19,373   2,343   5,691   0,000   0,000   0,000   148,164      
0,33/10   11,651   29,393   29,393   32,198   0,437   3,067   23,156   17,436   2,108   5,122   0,000   0,000   0,000   146,731      
0,33/11   12,816   32,332   32,332   29,271   0,397   2,788   21,051   15,851   1,917   4,656   0,000   0,000   0,000   146,838      
0,33/12   13,981   35,271   35,271   26,832   0,364   2,556   19,297   14,530   1,757   4,268   0,000   0,000   0,000   148,102      
0,33/13   15,146   38,210   38,210   24,768   0,336   2,359   17,812   13,412   1,622   3,940   0,000   0,000   0,000   150,253      
0,33/14   16,312   41,150   41,150   22,999   0,312   2,191   16,540   12,454   1,506   3,658   0,000   0,000   0,000   153,108      
0,33/15   17,477   44,089   44,089   21,465   0,291   2,045   15,437   11,624   1,406   3,414   0,000   0,000   0,000   156,517      
0,33/16   18,642   47,028   47,028   20,124   0,273   1,917   14,472   10,897   1,318   3,201   0,000   0,000   0,000   160,381      
0,33/17   19,807   49,967   49,967   18,940   0,257   1,804   13,621   10,256   1,240   3,013   0,000   0,000   0,000   164,619      
0,33/18   20,972   52,907   52,907   17,888   0,243   1,704   12,864   9,686   1,171   2,845   0,000   0,000   0,000   169,171      
0,33/19   22,137   55,846   55,846   16,946   0,230   1,614   12,187   9,177   1,110   2,696   0,000   0,000   0,000   173,983      
0,25/ 1   1,165   2,207   2,207   241,727   4,372   30,670   231,559   174,357   21,085   51,215   0,000   0,000   0,000   688,264      
0,25/ 2   2,330   4,413   4,413   120,864   2,186   15,335   115,780   87,178   10,542   25,608   0,000   0,000   0,000   352,499      
0,25/ 3   3,495   6,620   6,620   80,576   1,457   10,223   77,186   58,119   7,028   17,072   0,000   0,000   0,000   244,296      
0,25/ 4   4,660   8,827   8,827   60,432   1,093   7,667   57,890   43,589   5,271   12,804   0,000   0,000   0,000   192,985      
0,25/ 5   5,826   11,033   11,033   48,345   0,874   6,134   46,312   34,871   4,217   10,243   0,000   0,000   0,000   164,428      
0,25/ 6   6,991   13,240   13,240   40,288   0,729   5,112   38,593   29,059   3,514   8,536   0,000   0,000   0,000   147,252      
0,25/ 7   8,156   15,447   15,447   34,532   0,625   4,381   33,080   24,908   3,012   7,316   0,000   0,000   0,000   136,576      
0,25/ 8   9,321   17,653   17,653   30,216   0,546   3,834   28,945   21,795   2,636   6,402   0,000   0,000   0,000   129,963      
0,25/ 9   10,486   19,860   19,860   26,859   0,486   3,408   25,729   19,373   2,343   5,691   0,000   0,000   0,000   126,061      
0,25/10   11,651   22,067   22,067   24,173   0,437   3,067   23,156   17,436   2,108   5,122   0,000   0,000   0,000   124,054      
0,25/11   12,816   24,273   24,273   21,975   0,397   2,788   21,051   15,851   1,917   4,656   0,000   0,000   0,000   123,424      
0,25/12   13,981   26,480   26,480   20,144   0,364   2,556   19,297   14,530   1,757   4,268   0,000   0,000   0,000   123,832      
0,25/13   15,146   28,686   28,686   18,594   0,336   2,359   17,812   13,412   1,622   3,940   0,000   0,000   0,000   125,031      
0,25/14   16,312   30,893   30,893   17,266   0,312   2,191   16,540   12,454   1,506   3,658   0,000   0,000   0,000   126,861      
0,25/15   17,477   33,100   33,100   16,115   0,291   2,045   15,437   11,624   1,406   3,414   0,000   0,000   0,000   129,189      
0,25/16   18,642   35,306   35,306   15,108   0,273   1,917   14,472   10,897   1,318   3,201   0,000   0,000   0,000   131,921      
0,25/17   19,807   37,513   37,513   14,219   0,257   1,804   13,621   10,256   1,240   3,013   0,000   0,000   0,000   134,99      
0,25/18   20,972   39,720   39,720   13,429   0,243   1,704   12,864   9,686   1,171   2,845   0,000   0,000   0,000   138,338      
0,25/19   22,137   41,926   41,926   12,722   0,230   1,614   12,187   9,177   1,110   2,696   0,000   0,000   0,000   141,919      
0,20/ 1   1,165   1,765   1,765   193,382   4,372   30,670   231,559   174,357   21,085   51,215   0,000   0,000   0,000   639,035      
0,20/ 2   2,330   3,531   3,531   96,691   2,186   15,335   115,780   87,178   10,542   25,608   0,000   0,000   0,000   326,562      
0,20/ 3   3,495   5,296   5,296   64,461   1,457   10,223   77,186   58,119   7,028   17,072   0,000   0,000   0,000   225,533      
0,20/ 4   4,660   7,061   7,061   48,345   1,093   7,667   57,890   43,589   5,271   12,804   0,000   0,000   0,000   177,366      
0,20/ 5   5,826   8,827   8,827   38,676   0,874   6,134   46,312   34,871   4,217   10,243   0,000   0,000   0,000   150,347      
0,20/ 6   6,991   10,592   10,592   32,230   0,729   5,112   38,593   29,059   3,514   8,536   0,000   0,000   0,000   133,898      
0,20/ 7   8,156   12,357   12,357   27,626   0,625   4,381   33,080   24,908   3,012   7,316   0,000   0,000   0,000   123,49      
0,20/ 8   9,321   14,123   14,123   24,173   0,546   3,834   28,945   21,795   2,636   6,402   0,000   0,000   0,000   116,86      
0,20/ 9   10,486   15,888   15,888   21,487   0,486   3,408   25,729   19,373   2,343   5,691   0,000   0,000   0,000   112,745      
0,20/10   11,651   17,653   17,653   19,338   0,437   3,067   23,156   17,436   2,108   5,122   0,000   0,000   0,000   110,391      
0,20/11   12,816   19,419   19,419   17,580   0,397   2,788   21,051   15,851   1,917   4,656   0,000   0,000   0,000   109,321      
0,20/12   13,981   21,184   21,184   16,115   0,364   2,556   19,297   14,530   1,757   4,268   0,000   0,000   0,000   109,211      
0,20/13   15,146   22,949   22,949   14,876   0,336   2,359   17,812   13,412   1,622   3,940   0,000   0,000   0,000   109,839      
0,20/14   16,312   24,714   24,714   13,813   0,312   2,191   16,540   12,454   1,506   3,658   0,000   0,000   0,000   111,05      
0,20/15   17,477   26,480   26,480   12,892   0,291   2,045   15,437   11,624   1,406   3,414   0,000   0,000   0,000   112,726      
0,20/16   18,642   28,245   28,245   12,086   0,273   1,917   14,472   10,897   1,318   3,201   0,000   0,000   0,000   114,777      
0,20/17   19,807   30,010   30,010   11,375   0,257   1,804   13,621   10,256   1,240   3,013   0,000   0,000   0,000   117,14      
0,20/18   20,972   31,776   31,776   10,743   0,243   1,704   12,864   9,686   1,171   2,845   0,000   0,000   0,000   119,764      
0,20/19   22,137   33,541   33,541   10,178   0,230   1,614   12,187   9,177   1,110   2,696   0,000   0,000   0,000   122,605      
0,67/ 1   1,165   5,887   5,887   644,928   4,372   30,670   231,559   174,357   21,085   51,215   0,000   0,000   0,000   1098,825      
0,67/ 2   2,330   11,775   11,775   322,464   2,186   15,335   115,780   87,178   10,542   25,608   0,000   0,000   0,000   568,823      
0,67/ 3   3,495   17,662   17,662   214,976   1,457   10,223   77,186   58,119   7,028   17,072   0,000   0,000   0,000   400,78      
0,67/ 4   4,660   23,549   23,549   161,232   1,093   7,667   57,890   43,589   5,271   12,804   0,000   0,000   0,000   323,229      
0,67/ 5   5,826   29,437   29,437   128,986   0,874   6,134   46,312   34,871   4,217   10,243   0,000   0,000   0,000   281,877      
0,67/ 6   6,991   35,324   35,324   107,488   0,729   5,112   38,593   29,059   3,514   8,536   0,000   0,000   0,000   258,62      
0,67/ 7   8,156   41,211   41,211   92,133   0,625   4,381   33,080   24,908   3,012   7,316   0,000   0,000   0,000   245,705      
0,67/ 8   9,321   47,099   47,099   80,616   0,546   3,834   28,945   21,795   2,636   6,402   0,000   0,000   0,000   239,255      
0,67/ 9   10,486   52,986   52,986   71,659   0,486   3,408   25,729   19,373   2,343   5,691   0,000   0,000   0,000   237,113      
0,67/10   11,651   58,873   58,873   64,493   0,437   3,067   23,156   17,436   2,108   5,122   0,000   0,000   0,000   237,986      
0,67/11   12,816   64,761   64,761   58,630   0,397   2,788   21,051   15,851   1,917   4,656   0,000   0,000   0,000   241,055      
0,67/12   13,981   70,648   70,648   53,744   0,364   2,556   19,297   14,530   1,757   4,268   0,000   0,000   0,000   245,768      
0,67/13   15,146   76,535   76,535   49,610   0,336   2,359   17,812   13,412   1,622   3,940   0,000   0,000   0,000   251,745      
0,67/14   16,312   82,423   82,423   46,066   0,312   2,191   16,540   12,454   1,506   3,658   0,000   0,000   0,000   258,721      
0,67/15   17,477   88,310   88,310   42,995   0,291   2,045   15,437   11,624   1,406   3,414   0,000   0,000   0,000   266,489      
0,67/16   18,642   94,197   94,197   40,308   0,273   1,917   14,472   10,897   1,318   3,201   0,000   0,000   0,000   274,903      
0,67/17   19,807   100,085   100,085   37,937   0,257   1,804   13,621   10,256   1,240   3,013   0,000   0,000   0,000   283,852      
0,67/18   20,972   105,972   105,972   35,829   0,243   1,704   12,864   9,686   1,171   2,845   0,000   0,000   0,000   293,242      
0,67/19   22,137   111,860   111,860   33,944   0,230   1,614   12,187   9,177   1,110   2,696   0,000   0,000   0,000   303,009      
0,63/ 1   1,165   5,517   5,517   604,318   4,372   30,670   231,559   174,357   21,085   51,215   0,000   0,000   0,000   1057,475      
0,63/ 2   2,330   11,033   11,033   302,159   2,186   15,335   115,780   87,178   10,542   25,608   0,000   0,000   0,000   547,034      
0,63/ 3   3,495   16,550   16,550   201,439   1,457   10,223   77,186   58,119   7,028   17,072   0,000   0,000   0,000   385,019      
0,63/ 4   4,660   22,067   22,067   151,079   1,093   7,667   57,890   43,589   5,271   12,804   0,000   0,000   0,000   310,112      
0,63/ 5   5,826   27,583   27,583   120,864   0,874   6,134   46,312   34,871   4,217   10,243   0,000   0,000   0,000   270,047      
0,63/ 6   6,991   33,100   33,100   100,720   0,729   5,112   38,593   29,059   3,514   8,536   0,000   0,000   0,000   247,404      
0,63/ 7   8,156   38,616   38,616   86,331   0,625   4,381   33,080   24,908   3,012   7,316   0,000   0,000   0,000   234,713      
0,63/ 8   9,321   44,133   44,133   75,540   0,546   3,834   28,945   21,795   2,636   6,402   0,000   0,000   0,000   228,247      
0,63/ 9   10,486   49,650   49,650   67,146   0,486   3,408   25,729   19,373   2,343   5,691   0,000   0,000   0,000   225,928      
0,63/10   11,651   55,166   55,166   60,432   0,437   3,067   23,156   17,436   2,108   5,122   0,000   0,000   0,000   226,511      
0,63/11   12,816   60,683   60,683   54,938   0,397   2,788   21,051   15,851   1,917   4,656   0,000   0,000   0,000   229,207      
0,63/12   13,981   66,200   66,200   50,360   0,364   2,556   19,297   14,530   1,757   4,268   0,000   0,000   0,000   233,488      
0,63/13   15,146   71,716   71,716   46,486   0,336   2,359   17,812   13,412   1,622   3,940   0,000   0,000   0,000   238,983      
0,63/14   16,312   77,233   77,233   43,166   0,312   2,191   16,540   12,454   1,506   3,658   0,000   0,000   0,000   245,441      
0,63/15   17,477   82,749   82,749   40,288   0,291   2,045   15,437   11,624   1,406   3,414   0,000   0,000   0,000   252,66      
0,63/16   18,642   88,266   88,266   37,770   0,273   1,917   14,472   10,897   1,318   3,201   0,000   0,000   0,000   260,503      
0,63/17   19,807   93,783   93,783   35,548   0,257   1,804   13,621   10,256   1,240   3,013   0,000   0,000   0,000   268,859      
0,63/18   20,972   99,299   99,299   33,573   0,243   1,704   12,864   9,686   1,171   2,845   0,000   0,000   0,000   277,64      
0,63/19   22,137   104,816   104,816   31,806   0,230   1,614   12,187   9,177   1,110   2,696   0,000   0,000   0,000   286,783      
0,75/ 1   1,165   6,620   6,620   725,181   4,372   30,670   231,559   174,357   21,085   51,215   0,000   0,000   0,000   1180,544      
0,75/ 2   2,330   13,240   13,240   362,591   2,186   15,335   115,780   87,178   10,542   25,608   0,000   0,000   0,000   611,88      
0,75/ 3   3,495   19,860   19,860   241,727   1,457   10,223   77,186   58,119   7,028   17,072   0,000   0,000   0,000   431,927      
0,75/ 4   4,660   26,480   26,480   181,295   1,093   7,667   57,890   43,589   5,271   12,804   0,000   0,000   0,000   349,154      
0,75/ 5   5,826   33,100   33,100   145,036   0,874   6,134   46,312   34,871   4,217   10,243   0,000   0,000   0,000   305,253      
0,75/ 6   6,991   39,720   39,720   120,864   0,729   5,112   38,593   29,059   3,514   8,536   0,000   0,000   0,000   280,788      
0,75/ 7   8,156   46,340   46,340   103,597   0,625   4,381   33,080   24,908   3,012   7,316   0,000   0,000   0,000   267,427      
0,75/ 8   9,321   52,960   52,960   90,648   0,546   3,834   28,945   21,795   2,636   6,402   0,000   0,000   0,000   261,009      
0,75/ 9   10,486   59,580   59,580   80,576   0,486   3,408   25,729   19,373   2,343   5,691   0,000   0,000   0,000   259,218      
0,75/10   11,651   66,200   66,200   72,518   0,437   3,067   23,156   17,436   2,108   5,122   0,000   0,000   0,000   260,665      
0,75/11   12,816   72,819   72,819   65,926   0,397   2,788   21,051   15,851   1,917   4,656   0,000   0,000   0,000   264,467      
0,75/12   13,981   79,439   79,439   60,432   0,364   2,556   19,297   14,530   1,757   4,268   0,000   0,000   0,000   270,038      
0,75/13   15,146   86,059   86,059   55,783   0,336   2,359   17,812   13,412   1,622   3,940   0,000   0,000   0,000   276,966      
0,75/14   16,312   92,679   92,679   51,799   0,312   2,191   16,540   12,454   1,506   3,658   0,000   0,000   0,000   284,966      
0,75/15   17,477   99,299   99,299   48,345   0,291   2,045   15,437   11,624   1,406   3,414   0,000   0,000   0,000   293,817      
0,75/16   18,642   105,919   105,919   45,324   0,273   1,917   14,472   10,897   1,318   3,201   0,000   0,000   0,000   303,363      
0,75/17   19,807   112,539   112,539   42,658   0,257   1,804   13,621   10,256   1,240   3,013   0,000   0,000   0,000   313,481      
0,75/18   20,972   119,159   119,159   40,288   0,243   1,704   12,864   9,686   1,171   2,845   0,000   0,000   0,000   324,075      
0,75/19   22,137   125,779   125,779   38,167   0,230   1,614   12,187   9,177   1,110   2,696   0,000   0,000   0,000   335,07      
0,80/ 1   1,165   7,061   7,061   773,527   4,372   30,670   231,559   174,357   21,085   51,215   0,000   0,000   0,000   1229,772      
0,80/ 2   2,330   14,123   14,123   386,763   2,186   15,335   115,780   87,178   10,542   25,608   0,000   0,000   0,000   637,818      
0,80/ 3   3,495   21,184   21,184   257,842   1,457   10,223   77,186   58,119   7,028   17,072   0,000   0,000   0,000   450,69      
0,80/ 4   4,660   28,245   28,245   193,382   1,093   7,667   57,890   43,589   5,271   12,804   0,000   0,000   0,000   364,771      
0,80/ 5   5,826   35,306   35,306   154,705   0,874   6,134   46,312   34,871   4,217   10,243   0,000   0,000   0,000   319,334      
0,80/ 6   6,991   42,368   42,368   128,921   0,729   5,112   38,593   29,059   3,514   8,536   0,000   0,000   0,000   294,141      
0,80/ 7   8,156   49,429   49,429   110,504   0,625   4,381   33,080   24,908   3,012   7,316   0,000   0,000   0,000   280,512      
0,80/ 8   9,321   56,490   56,490   96,691   0,546   3,834   28,945   21,795   2,636   6,402   0,000   0,000   0,000   274,112      
0,80/ 9   10,486   63,552   63,552   85,947   0,486   3,408   25,729   19,373   2,343   5,691   0,000   0,000   0,000   272,533      
0,80/10   11,651   70,613   70,613   77,353   0,437   3,067   23,156   17,436   2,108   5,122   0,000   0,000   0,000   274,326      
0,80/11   12,816   77,674   77,674   70,321   0,397   2,788   21,051   15,851   1,917   4,656   0,000   0,000   0,000   278,572      
0,80/12   13,981   84,735   84,735   64,461   0,364   2,556   19,297   14,530   1,757   4,268   0,000   0,000   0,000   284,659      
0,80/13   15,146   91,797   91,797   59,502   0,336   2,359   17,812   13,412   1,622   3,940   0,000   0,000   0,000   292,161      
0,80/14   16,312   98,858   98,858   55,252   0,312   2,191   16,540   12,454   1,506   3,658   0,000   0,000   0,000   300,777      
0,80/15   17,477   105,919   105,919   51,568   0,291   2,045   15,437   11,624   1,406   3,414   0,000   0,000   0,000   310,28      
0,80/16   18,642   112,980   112,980   48,345   0,273   1,917   14,472   10,897   1,318   3,201   0,000   0,000   0,000   320,506      
0,80/17   19,807   120,042   120,042   45,502   0,257   1,804   13,621   10,256   1,240   3,013   0,000   0,000   0,000   331,331      
0,80/18   20,972   127,103   127,103   42,974   0,243   1,704   12,864   9,686   1,171   2,845   0,000   0,000   0,000   342,649      
0,80/19   22,137   134,164   134,164   40,712   0,230   1,614   12,187   9,177   1,110   2,696   0,000   0,000   0,000   354,385      
                                                
ќптимизационные значени€
ar/ћес€ц   S1   S2   S3   S4   S5   S6   S7   S8   S9   S10   Sдоп1   Sдоп2   Sдоп3   —умма      
0,50/10   11,651   44,133   44,133   48,345   0,437   3,067   23,156   17,436   2,108   5,122   0,000   0,000   0,000   192,358      
0,33/10   11,651   29,393   29,393   32,198   0,437   3,067   23,156   17,436   2,108   5,122   0,000   0,000   0,000   146,731      
0,25/11   12,816   24,273   24,273   21,975   0,397   2,788   21,051   15,851   1,917   4,656   0,000   0,000   0,000   123,424      
0,20/12   13,981   21,184   21,184   16,115   0,364   2,556   19,297   14,530   1,757   4,268   0,000   0,000   0,000   109,211      
0,67/ 9   10,486   52,986   52,986   71,659   0,486   3,408   25,729   19,373   2,343   5,691   0,000   0,000   0,000   237,113      
0,63/ 9   10,486   49,650   49,650   67,146   0,486   3,408   25,729   19,373   2,343   5,691   0,000   0,000   0,000   225,928      
0,75/ 9   10,486   59,580   59,580   80,576   0,486   3,408   25,729   19,373   2,343   5,691   0,000   0,000   0,000   259,218      
0,80/ 9   10,486   63,552   63,552   85,947   0,486   3,408   25,729   19,373   2,343   5,691   0,000   0,000   0,000   272,533      
–ассчет эффективности
ar/ћес€ц   —уп   Ён   Ёос   Ёоб   Ёс   Ёз   Ёq   Ёобщ      
0,50/10   28,93   12,18   0,21   0,11   0,03   0,01   7,59   131,37      
0,33/12   20,11   7,41   0,12   0,06   0,02   0,00   7,59   132,39      
ƒельта и т.д.
ar/ћес€ц   Smax   —умма   ƒельта Smax-—умма      
               
