–езультаты расчета
ar/ћес€ц   S1   S2   S3   S4   S5   S6   S7   S8   S9   S10   Sдоп1   Sдоп2   Sдоп3   —умма      
0,50/ 1   1,934   7,196   7,196   1742,621   9,632   30,670   850,241   426,464   51,572   125,269   0,000   0,000   0,000   3075,954      
0,50/ 2   3,868   14,393   14,393   871,310   4,816   15,335   425,120   213,232   25,786   62,635   0,000   0,000   0,000   1562,467      
0,50/ 3   5,801   21,589   21,589   580,874   3,211   10,223   283,414   142,155   17,191   41,756   0,000   0,000   0,000   1068,856      
0,50/ 4   7,735   28,786   28,786   435,655   2,408   7,667   212,560   106,616   12,893   31,317   0,000   0,000   0,000   830,213      
0,50/ 5   9,669   35,982   35,982   348,524   1,926   6,134   170,048   85,293   10,314   25,054   0,000   0,000   0,000   693,558      
0,50/ 6   11,603   43,178   43,178   290,437   1,605   5,112   141,707   71,077   8,595   20,878   0,000   0,000   0,000   607,897      
0,50/ 7   13,536   50,375   50,375   248,946   1,376   4,381   121,463   60,923   7,367   17,896   0,000   0,000   0,000   551,375      
0,50/ 8   15,470   57,571   57,571   217,828   1,204   3,834   106,280   53,308   6,447   15,659   0,000   0,000   0,000   513,066      
0,50/ 9   17,404   64,768   64,768   193,625   1,070   3,408   94,471   47,385   5,730   13,919   0,000   0,000   0,000   486,899      
0,50/10   19,338   71,964   71,964   174,262   0,963   3,067   85,024   42,646   5,157   12,527   0,000   0,000   0,000   469,228      
0,50/11   21,272   79,160   79,160   158,420   0,876   2,788   77,295   38,769   4,688   11,388   0,000   0,000   0,000   457,74      
0,50/12   23,205   86,357   86,357   145,218   0,803   2,556   70,853   35,539   4,298   10,439   0,000   0,000   0,000   450,888      
0,50/13   25,139   93,553   93,553   134,048   0,741   2,359   65,403   32,805   3,967   9,636   0,000   0,000   0,000   447,601      
0,50/14   27,073   100,750   100,750   124,473   0,688   2,191   60,731   30,462   3,684   8,948   0,000   0,000   0,000   447,118      
0,50/15   29,007   107,946   107,946   116,175   0,642   2,045   56,683   28,431   3,438   8,351   0,000   0,000   0,000   448,875      
0,50/16   30,940   115,142   115,142   108,914   0,602   1,917   53,140   26,654   3,223   7,829   0,000   0,000   0,000   452,451      
0,50/17   32,874   122,339   122,339   102,507   0,567   1,804   50,014   25,086   3,034   7,369   0,000   0,000   0,000   457,53      
0,50/18   34,808   129,535   129,535   96,812   0,535   1,704   47,236   23,692   2,865   6,959   0,000   0,000   0,000   463,857      
0,50/19   36,742   136,732   136,732   91,717   0,507   1,614   44,750   22,445   2,714   6,593   0,000   0,000   0,000   471,239      
0,50/20   38,676   143,928   143,928   87,131   0,482   1,533   42,512   21,323   2,579   6,263   0,000   0,000   0,000   479,513      
0,50/21   40,609   151,124   151,124   82,982   0,459   1,460   40,488   20,308   2,456   5,965   0,000   0,000   0,000   488,554      
0,50/22   42,543   158,321   158,321   79,210   0,438   1,394   38,647   19,385   2,344   5,694   0,000   0,000   0,000   498,259      
0,50/23   44,477   165,517   165,517   75,766   0,419   1,333   36,967   18,542   2,242   5,446   0,000   0,000   0,000   508,538      
0,50/24   46,411   172,714   172,714   72,609   0,401   1,278   35,427   17,769   2,149   5,220   0,000   0,000   0,000   519,323      
0,50/25   48,344   179,910   179,910   69,705   0,385   1,227   34,010   17,059   2,063   5,011   0,000   0,000   0,000   530,55      
0,50/26   50,278   187,106   187,106   67,024   0,370   1,180   32,702   16,402   1,984   4,818   0,000   0,000   0,000   542,168      
0,50/27   52,212   194,303   194,303   64,542   0,357   1,136   31,490   15,795   1,910   4,640   0,000   0,000   0,000   554,138      
0,50/28   54,146   201,499   201,499   62,236   0,344   1,095   30,366   15,231   1,842   4,474   0,000   0,000   0,000   566,416      
0,33/ 1   1,934   4,793   4,793   1160,585   9,632   30,670   850,241   426,464   51,572   125,269   0,000   0,000   0,000   2489,112      
0,33/ 2   3,868   9,586   9,586   580,293   4,816   15,335   425,120   213,232   25,786   62,635   0,000   0,000   0,000   1261,836      
0,33/ 3   5,801   14,378   14,378   386,862   3,211   10,223   283,414   142,155   17,191   41,756   0,000   0,000   0,000   860,422      
0,33/ 4   7,735   19,171   19,171   290,146   2,408   7,667   212,560   106,616   12,893   31,317   0,000   0,000   0,000   665,474      
0,33/ 5   9,669   23,964   23,964   232,117   1,926   6,134   170,048   85,293   10,314   25,054   0,000   0,000   0,000   553,115      
0,33/ 6   11,603   28,757   28,757   193,431   1,605   5,112   141,707   71,077   8,595   20,878   0,000   0,000   0,000   482,049      
0,33/ 7   13,536   33,550   33,550   165,798   1,376   4,381   121,463   60,923   7,367   17,896   0,000   0,000   0,000   434,577      
0,33/ 8   15,470   38,342   38,342   145,073   1,204   3,834   106,280   53,308   6,447   15,659   0,000   0,000   0,000   401,853      
0,33/ 9   17,404   43,135   43,135   128,954   1,070   3,408   94,471   47,385   5,730   13,919   0,000   0,000   0,000   378,962      
0,33/10   19,338   47,928   47,928   116,059   0,963   3,067   85,024   42,646   5,157   12,527   0,000   0,000   0,000   362,953      
0,33/11   21,272   52,721   52,721   105,508   0,876   2,788   77,295   38,769   4,688   11,388   0,000   0,000   0,000   351,95      
0,33/12   23,205   57,514   57,514   96,715   0,803   2,556   70,853   35,539   4,298   10,439   0,000   0,000   0,000   344,699      
0,33/13   25,139   62,306   62,306   89,276   0,741   2,359   65,403   32,805   3,967   9,636   0,000   0,000   0,000   340,335      
0,33/14   27,073   67,099   67,099   82,899   0,688   2,191   60,731   30,462   3,684   8,948   0,000   0,000   0,000   338,242      
0,33/15   29,007   71,892   71,892   77,372   0,642   2,045   56,683   28,431   3,438   8,351   0,000   0,000   0,000   337,964      
0,33/16   30,940   76,685   76,685   72,537   0,602   1,917   53,140   26,654   3,223   7,829   0,000   0,000   0,000   339,16      
0,33/17   32,874   81,478   81,478   68,270   0,567   1,804   50,014   25,086   3,034   7,369   0,000   0,000   0,000   341,571      
0,33/18   34,808   86,270   86,270   64,477   0,535   1,704   47,236   23,692   2,865   6,959   0,000   0,000   0,000   344,992      
0,33/19   36,742   91,063   91,063   61,083   0,507   1,614   44,750   22,445   2,714   6,593   0,000   0,000   0,000   349,267      
0,33/20   38,676   95,856   95,856   58,029   0,482   1,533   42,512   21,323   2,579   6,263   0,000   0,000   0,000   354,267      
0,33/21   40,609   100,649   100,649   55,266   0,459   1,460   40,488   20,308   2,456   5,965   0,000   0,000   0,000   359,888      
0,33/22   42,543   105,442   105,442   52,754   0,438   1,394   38,647   19,385   2,344   5,694   0,000   0,000   0,000   366,045      
0,33/23   44,477   110,234   110,234   50,460   0,419   1,333   36,967   18,542   2,242   5,446   0,000   0,000   0,000   372,666      
0,33/24   46,411   115,027   115,027   48,358   0,401   1,278   35,427   17,769   2,149   5,220   0,000   0,000   0,000   379,698      
0,33/25   48,344   119,820   119,820   46,423   0,385   1,227   34,010   17,059   2,063   5,011   0,000   0,000   0,000   387,088      
0,33/26   50,278   124,613   124,613   44,638   0,370   1,180   32,702   16,402   1,984   4,818   0,000   0,000   0,000   394,796      
0,33/27   52,212   129,406   129,406   42,985   0,357   1,136   31,490   15,795   1,910   4,640   0,000   0,000   0,000   402,787      
0,33/28   54,146   134,198   134,198   41,449   0,344   1,095   30,366   15,231   1,842   4,474   0,000   0,000   0,000   411,027      
0,25/ 1   1,934   3,598   3,598   871,310   9,632   30,670   850,241   426,464   51,572   125,269   0,000   0,000   0,000   2197,447      
0,25/ 2   3,868   7,196   7,196   435,655   4,816   15,335   425,120   213,232   25,786   62,635   0,000   0,000   0,000   1112,418      
0,25/ 3   5,801   10,795   10,795   290,437   3,211   10,223   283,414   142,155   17,191   41,756   0,000   0,000   0,000   756,831      
0,25/ 4   7,735   14,393   14,393   217,828   2,408   7,667   212,560   106,616   12,893   31,317   0,000   0,000   0,000   583,6      
0,25/ 5   9,669   17,991   17,991   174,262   1,926   6,134   170,048   85,293   10,314   25,054   0,000   0,000   0,000   483,314      
0,25/ 6   11,603   21,589   21,589   145,218   1,605   5,112   141,707   71,077   8,595   20,878   0,000   0,000   0,000   419,5      
0,25/ 7   13,536   25,187   25,187   124,473   1,376   4,381   121,463   60,923   7,367   17,896   0,000   0,000   0,000   376,526      
0,25/ 8   15,470   28,786   28,786   108,914   1,204   3,834   106,280   53,308   6,447   15,659   0,000   0,000   0,000   346,582      
0,25/ 9   17,404   32,384   32,384   96,812   1,070   3,408   94,471   47,385   5,730   13,919   0,000   0,000   0,000   325,318      
0,25/10   19,338   35,982   35,982   87,131   0,963   3,067   85,024   42,646   5,157   12,527   0,000   0,000   0,000   310,133      
0,25/11   21,272   39,580   39,580   79,210   0,876   2,788   77,295   38,769   4,688   11,388   0,000   0,000   0,000   299,37      
0,25/12   23,205   43,178   43,178   72,609   0,803   2,556   70,853   35,539   4,298   10,439   0,000   0,000   0,000   291,921      
0,25/13   25,139   46,777   46,777   67,024   0,741   2,359   65,403   32,805   3,967   9,636   0,000   0,000   0,000   287,025      
0,25/14   27,073   50,375   50,375   62,236   0,688   2,191   60,731   30,462   3,684   8,948   0,000   0,000   0,000   284,131      
0,25/15   29,007   53,973   53,973   58,087   0,642   2,045   56,683   28,431   3,438   8,351   0,000   0,000   0,000   282,841      
0,25/16   30,940   57,571   57,571   54,457   0,602   1,917   53,140   26,654   3,223   7,829   0,000   0,000   0,000   282,852      
0,25/17   32,874   61,169   61,169   51,254   0,567   1,804   50,014   25,086   3,034   7,369   0,000   0,000   0,000   283,937      
0,25/18   34,808   64,768   64,768   48,406   0,535   1,704   47,236   23,692   2,865   6,959   0,000   0,000   0,000   285,917      
0,25/19   36,742   68,366   68,366   45,858   0,507   1,614   44,750   22,445   2,714   6,593   0,000   0,000   0,000   288,648      
0,25/20   38,676   71,964   71,964   43,566   0,482   1,533   42,512   21,323   2,579   6,263   0,000   0,000   0,000   292,02      
0,25/21   40,609   75,562   75,562   41,491   0,459   1,460   40,488   20,308   2,456   5,965   0,000   0,000   0,000   295,939      
0,25/22   42,543   79,160   79,160   39,605   0,438   1,394   38,647   19,385   2,344   5,694   0,000   0,000   0,000   300,332      
0,25/23   44,477   82,759   82,759   37,883   0,419   1,333   36,967   18,542   2,242   5,446   0,000   0,000   0,000   305,139      
0,25/24   46,411   86,357   86,357   36,305   0,401   1,278   35,427   17,769   2,149   5,220   0,000   0,000   0,000   310,305      
0,25/25   48,344   89,955   89,955   34,852   0,385   1,227   34,010   17,059   2,063   5,011   0,000   0,000   0,000   315,787      
0,25/26   50,278   93,553   93,553   33,512   0,370   1,180   32,702   16,402   1,984   4,818   0,000   0,000   0,000   321,55      
0,25/27   52,212   97,151   97,151   32,271   0,357   1,136   31,490   15,795   1,910   4,640   0,000   0,000   0,000   327,563      
0,25/28   54,146   100,750   100,750   31,118   0,344   1,095   30,366   15,231   1,842   4,474   0,000   0,000   0,000   333,8      
0,20/ 1   1,934   2,879   2,879   697,048   9,632   30,670   850,241   426,464   51,572   125,269   0,000   0,000   0,000   2021,747      
0,20/ 2   3,868   5,757   5,757   348,524   4,816   15,335   425,120   213,232   25,786   62,635   0,000   0,000   0,000   1022,409      
0,20/ 3   5,801   8,636   8,636   232,349   3,211   10,223   283,414   142,155   17,191   41,756   0,000   0,000   0,000   694,425      
0,20/ 4   7,735   11,514   11,514   174,262   2,408   7,667   212,560   106,616   12,893   31,317   0,000   0,000   0,000   534,276      
0,20/ 5   9,669   14,393   14,393   139,410   1,926   6,134   170,048   85,293   10,314   25,054   0,000   0,000   0,000   441,266      
0,20/ 6   11,603   17,271   17,271   116,175   1,605   5,112   141,707   71,077   8,595   20,878   0,000   0,000   0,000   381,821      
0,20/ 7   13,536   20,150   20,150   99,578   1,376   4,381   121,463   60,923   7,367   17,896   0,000   0,000   0,000   341,557      
0,20/ 8   15,470   23,028   23,028   87,131   1,204   3,834   106,280   53,308   6,447   15,659   0,000   0,000   0,000   313,283      
0,20/ 9   17,404   25,907   25,907   77,450   1,070   3,408   94,471   47,385   5,730   13,919   0,000   0,000   0,000   293,002      
0,20/10   19,338   28,786   28,786   69,705   0,963   3,067   85,024   42,646   5,157   12,527   0,000   0,000   0,000   278,315      
0,20/11   21,272   31,664   31,664   63,368   0,876   2,788   77,295   38,769   4,688   11,388   0,000   0,000   0,000   267,696      
0,20/12   23,205   34,543   34,543   58,087   0,803   2,556   70,853   35,539   4,298   10,439   0,000   0,000   0,000   260,129      
0,20/13   25,139   37,421   37,421   53,619   0,741   2,359   65,403   32,805   3,967   9,636   0,000   0,000   0,000   254,908      
0,20/14   27,073   40,300   40,300   49,789   0,688   2,191   60,731   30,462   3,684   8,948   0,000   0,000   0,000   251,534      
0,20/15   29,007   43,178   43,178   46,470   0,642   2,045   56,683   28,431   3,438   8,351   0,000   0,000   0,000   249,634      
0,20/16   30,940   46,057   46,057   43,566   0,602   1,917   53,140   26,654   3,223   7,829   0,000   0,000   0,000   248,933      
0,20/17   32,874   48,936   48,936   41,003   0,567   1,804   50,014   25,086   3,034   7,369   0,000   0,000   0,000   249,22      
0,20/18   34,808   51,814   51,814   38,725   0,535   1,704   47,236   23,692   2,865   6,959   0,000   0,000   0,000   250,328      
0,20/19   36,742   54,693   54,693   36,687   0,507   1,614   44,750   22,445   2,714   6,593   0,000   0,000   0,000   252,131      
0,20/20   38,676   57,571   57,571   34,852   0,482   1,533   42,512   21,323   2,579   6,263   0,000   0,000   0,000   254,52      
0,20/21   40,609   60,450   60,450   33,193   0,459   1,460   40,488   20,308   2,456   5,965   0,000   0,000   0,000   257,417      
0,20/22   42,543   63,328   63,328   31,684   0,438   1,394   38,647   19,385   2,344   5,694   0,000   0,000   0,000   260,747      
0,20/23   44,477   66,207   66,207   30,306   0,419   1,333   36,967   18,542   2,242   5,446   0,000   0,000   0,000   264,458      
0,20/24   46,411   69,085   69,085   29,044   0,401   1,278   35,427   17,769   2,149   5,220   0,000   0,000   0,000   268,5      
0,20/25   48,344   71,964   71,964   27,882   0,385   1,227   34,010   17,059   2,063   5,011   0,000   0,000   0,000   272,835      
0,20/26   50,278   74,843   74,843   26,810   0,370   1,180   32,702   16,402   1,984   4,818   0,000   0,000   0,000   277,428      
0,20/27   52,212   77,721   77,721   25,817   0,357   1,136   31,490   15,795   1,910   4,640   0,000   0,000   0,000   282,249      
0,20/28   54,146   80,600   80,600   24,895   0,344   1,095   30,366   15,231   1,842   4,474   0,000   0,000   0,000   287,277      
0,67/ 1   1,934   9,600   9,600   2324,656   9,632   30,670   850,241   426,464   51,572   125,269   0,000   0,000   0,000   3662,797      
0,67/ 2   3,868   19,200   19,200   1162,328   4,816   15,335   425,120   213,232   25,786   62,635   0,000   0,000   0,000   1863,099      
0,67/ 3   5,801   28,800   28,800   774,885   3,211   10,223   283,414   142,155   17,191   41,756   0,000   0,000   0,000   1277,289      
0,67/ 4   7,735   38,400   38,400   581,164   2,408   7,667   212,560   106,616   12,893   31,317   0,000   0,000   0,000   994,95      
0,67/ 5   9,669   48,000   48,000   464,931   1,926   6,134   170,048   85,293   10,314   25,054   0,000   0,000   0,000   834,001      
0,67/ 6   11,603   57,600   57,600   387,443   1,605   5,112   141,707   71,077   8,595   20,878   0,000   0,000   0,000   733,747      
0,67/ 7   13,536   67,200   67,200   332,094   1,376   4,381   121,463   60,923   7,367   17,896   0,000   0,000   0,000   668,173      
0,67/ 8   15,470   76,800   76,800   290,582   1,204   3,834   106,280   53,308   6,447   15,659   0,000   0,000   0,000   624,278      
0,67/ 9   17,404   86,400   86,400   258,295   1,070   3,408   94,471   47,385   5,730   13,919   0,000   0,000   0,000   594,833      
0,67/10   19,338   96,000   96,000   232,466   0,963   3,067   85,024   42,646   5,157   12,527   0,000   0,000   0,000   575,504      
0,67/11   21,272   105,600   105,600   211,332   0,876   2,788   77,295   38,769   4,688   11,388   0,000   0,000   0,000   563,532      
0,67/12   23,205   115,200   115,200   193,721   0,803   2,556   70,853   35,539   4,298   10,439   0,000   0,000   0,000   557,077      
0,67/13   25,139   124,800   124,800   178,820   0,741   2,359   65,403   32,805   3,967   9,636   0,000   0,000   0,000   554,867      
0,67/14   27,073   134,400   134,400   166,047   0,688   2,191   60,731   30,462   3,684   8,948   0,000   0,000   0,000   555,992      
0,67/15   29,007   144,000   144,000   154,977   0,642   2,045   56,683   28,431   3,438   8,351   0,000   0,000   0,000   559,785      
0,67/16   30,940   153,600   153,600   145,291   0,602   1,917   53,140   26,654   3,223   7,829   0,000   0,000   0,000   565,744      
0,67/17   32,874   163,200   163,200   136,744   0,567   1,804   50,014   25,086   3,034   7,369   0,000   0,000   0,000   573,489      
0,67/18   34,808   172,800   172,800   129,148   0,535   1,704   47,236   23,692   2,865   6,959   0,000   0,000   0,000   582,723      
0,67/19   36,742   182,400   182,400   122,350   0,507   1,614   44,750   22,445   2,714   6,593   0,000   0,000   0,000   593,208      
0,67/20   38,676   192,000   192,000   116,233   0,482   1,533   42,512   21,323   2,579   6,263   0,000   0,000   0,000   604,759      
0,67/21   40,609   201,600   201,600   110,698   0,459   1,460   40,488   20,308   2,456   5,965   0,000   0,000   0,000   617,222      
0,67/22   42,543   211,200   211,200   105,666   0,438   1,394   38,647   19,385   2,344   5,694   0,000   0,000   0,000   630,473      
0,67/23   44,477   220,800   220,800   101,072   0,419   1,333   36,967   18,542   2,242   5,446   0,000   0,000   0,000   644,41      
0,67/24   46,411   230,400   230,400   96,861   0,401   1,278   35,427   17,769   2,149   5,220   0,000   0,000   0,000   658,947      
0,67/25   48,344   240,000   240,000   92,986   0,385   1,227   34,010   17,059   2,063   5,011   0,000   0,000   0,000   674,011      
0,67/26   50,278   249,600   249,600   89,410   0,370   1,180   32,702   16,402   1,984   4,818   0,000   0,000   0,000   689,542      
0,67/27   52,212   259,200   259,200   86,098   0,357   1,136   31,490   15,795   1,910   4,640   0,000   0,000   0,000   705,488      
0,67/28   54,146   268,800   268,800   83,023   0,344   1,095   30,366   15,231   1,842   4,474   0,000   0,000   0,000   721,805      
0,63/ 1   1,934   8,995   8,995   2178,276   9,632   30,670   850,241   426,464   51,572   125,269   0,000   0,000   0,000   3515,207      
0,63/ 2   3,868   17,991   17,991   1089,138   4,816   15,335   425,120   213,232   25,786   62,635   0,000   0,000   0,000   1787,491      
0,63/ 3   5,801   26,986   26,986   726,092   3,211   10,223   283,414   142,155   17,191   41,756   0,000   0,000   0,000   1224,868      
0,63/ 4   7,735   35,982   35,982   544,569   2,408   7,667   212,560   106,616   12,893   31,317   0,000   0,000   0,000   953,519      
0,63/ 5   9,669   44,977   44,977   435,655   1,926   6,134   170,048   85,293   10,314   25,054   0,000   0,000   0,000   798,679      
0,63/ 6   11,603   53,973   53,973   363,046   1,605   5,112   141,707   71,077   8,595   20,878   0,000   0,000   0,000   702,096      
0,63/ 7   13,536   62,968   62,968   311,182   1,376   4,381   121,463   60,923   7,367   17,896   0,000   0,000   0,000   638,797      
0,63/ 8   15,470   71,964   71,964   272,284   1,204   3,834   106,280   53,308   6,447   15,659   0,000   0,000   0,000   596,308      
0,63/ 9   17,404   80,959   80,959   242,031   1,070   3,408   94,471   47,385   5,730   13,919   0,000   0,000   0,000   567,687      
0,63/10   19,338   89,955   89,955   217,828   0,963   3,067   85,024   42,646   5,157   12,527   0,000   0,000   0,000   548,776      
0,63/11   21,272   98,950   98,950   198,025   0,876   2,788   77,295   38,769   4,688   11,388   0,000   0,000   0,000   536,925      
0,63/12   23,205   107,946   107,946   181,523   0,803   2,556   70,853   35,539   4,298   10,439   0,000   0,000   0,000   530,371      
0,63/13   25,139   116,941   116,941   167,560   0,741   2,359   65,403   32,805   3,967   9,636   0,000   0,000   0,000   527,889      
0,63/14   27,073   125,937   125,937   155,591   0,688   2,191   60,731   30,462   3,684   8,948   0,000   0,000   0,000   528,61      
0,63/15   29,007   134,932   134,932   145,218   0,642   2,045   56,683   28,431   3,438   8,351   0,000   0,000   0,000   531,89      
0,63/16   30,940   143,928   143,928   136,142   0,602   1,917   53,140   26,654   3,223   7,829   0,000   0,000   0,000   537,251      
0,63/17   32,874   152,923   152,923   128,134   0,567   1,804   50,014   25,086   3,034   7,369   0,000   0,000   0,000   544,325      
0,63/18   34,808   161,919   161,919   121,015   0,535   1,704   47,236   23,692   2,865   6,959   0,000   0,000   0,000   552,828      
0,63/19   36,742   170,914   170,914   114,646   0,507   1,614   44,750   22,445   2,714   6,593   0,000   0,000   0,000   562,532      
0,63/20   38,676   179,910   179,910   108,914   0,482   1,533   42,512   21,323   2,579   6,263   0,000   0,000   0,000   573,26      
0,63/21   40,609   188,905   188,905   103,727   0,459   1,460   40,488   20,308   2,456   5,965   0,000   0,000   0,000   584,861      
0,63/22   42,543   197,901   197,901   99,013   0,438   1,394   38,647   19,385   2,344   5,694   0,000   0,000   0,000   597,222      
0,63/23   44,477   206,896   206,896   94,708   0,419   1,333   36,967   18,542   2,242   5,446   0,000   0,000   0,000   610,238      
0,63/24   46,411   215,892   215,892   90,761   0,401   1,278   35,427   17,769   2,149   5,220   0,000   0,000   0,000   623,831      
0,63/25   48,344   224,887   224,887   87,131   0,385   1,227   34,010   17,059   2,063   5,011   0,000   0,000   0,000   637,93      
0,63/26   50,278   233,883   233,883   83,780   0,370   1,180   32,702   16,402   1,984   4,818   0,000   0,000   0,000   652,478      
0,63/27   52,212   242,878   242,878   80,677   0,357   1,136   31,490   15,795   1,910   4,640   0,000   0,000   0,000   667,423      
0,63/28   54,146   251,874   251,874   77,796   0,344   1,095   30,366   15,231   1,842   4,474   0,000   0,000   0,000   682,726      
0,75/ 1   1,934   10,795   10,795   2613,931   9,632   30,670   850,241   426,464   51,572   125,269   0,000   0,000   0,000   3954,462      
0,75/ 2   3,868   21,589   21,589   1306,966   4,816   15,335   425,120   213,232   25,786   62,635   0,000   0,000   0,000   2012,515      
0,75/ 3   5,801   32,384   32,384   871,310   3,211   10,223   283,414   142,155   17,191   41,756   0,000   0,000   0,000   1380,882      
0,75/ 4   7,735   43,178   43,178   653,483   2,408   7,667   212,560   106,616   12,893   31,317   0,000   0,000   0,000   1076,825      
0,75/ 5   9,669   53,973   53,973   522,786   1,926   6,134   170,048   85,293   10,314   25,054   0,000   0,000   0,000   903,802      
0,75/ 6   11,603   64,768   64,768   435,655   1,605   5,112   141,707   71,077   8,595   20,878   0,000   0,000   0,000   796,295      
0,75/ 7   13,536   75,562   75,562   373,419   1,376   4,381   121,463   60,923   7,367   17,896   0,000   0,000   0,000   726,222      
0,75/ 8   15,470   86,357   86,357   326,741   1,204   3,834   106,280   53,308   6,447   15,659   0,000   0,000   0,000   679,551      
0,75/ 9   17,404   97,151   97,151   290,437   1,070   3,408   94,471   47,385   5,730   13,919   0,000   0,000   0,000   648,477      
0,75/10   19,338   107,946   107,946   261,393   0,963   3,067   85,024   42,646   5,157   12,527   0,000   0,000   0,000   628,323      
0,75/11   21,272   118,741   118,741   237,630   0,876   2,788   77,295   38,769   4,688   11,388   0,000   0,000   0,000   616,112      
0,75/12   23,205   129,535   129,535   217,828   0,803   2,556   70,853   35,539   4,298   10,439   0,000   0,000   0,000   609,854      
0,75/13   25,139   140,330   140,330   201,072   0,741   2,359   65,403   32,805   3,967   9,636   0,000   0,000   0,000   608,179      
0,75/14   27,073   151,124   151,124   186,709   0,688   2,191   60,731   30,462   3,684   8,948   0,000   0,000   0,000   610,102      
0,75/15   29,007   161,919   161,919   174,262   0,642   2,045   56,683   28,431   3,438   8,351   0,000   0,000   0,000   614,908      
0,75/16   30,940   172,714   172,714   163,371   0,602   1,917   53,140   26,654   3,223   7,829   0,000   0,000   0,000   622,052      
0,75/17   32,874   183,508   183,508   153,761   0,567   1,804   50,014   25,086   3,034   7,369   0,000   0,000   0,000   631,122      
0,75/18   34,808   194,303   194,303   145,218   0,535   1,704   47,236   23,692   2,865   6,959   0,000   0,000   0,000   641,799      
0,75/19   36,742   205,097   205,097   137,575   0,507   1,614   44,750   22,445   2,714   6,593   0,000   0,000   0,000   653,827      
0,75/20   38,676   215,892   215,892   130,697   0,482   1,533   42,512   21,323   2,579   6,263   0,000   0,000   0,000   667,007      
0,75/21   40,609   226,687   226,687   124,473   0,459   1,460   40,488   20,308   2,456   5,965   0,000   0,000   0,000   681,171      
0,75/22   42,543   237,481   237,481   118,815   0,438   1,394   38,647   19,385   2,344   5,694   0,000   0,000   0,000   696,184      
0,75/23   44,477   248,276   248,276   113,649   0,419   1,333   36,967   18,542   2,242   5,446   0,000   0,000   0,000   711,939      
0,75/24   46,411   259,070   259,070   108,914   0,401   1,278   35,427   17,769   2,149   5,220   0,000   0,000   0,000   728,34      
0,75/25   48,344   269,865   269,865   104,557   0,385   1,227   34,010   17,059   2,063   5,011   0,000   0,000   0,000   745,312      
0,75/26   50,278   280,660   280,660   100,536   0,370   1,180   32,702   16,402   1,984   4,818   0,000   0,000   0,000   762,788      
0,75/27   52,212   291,454   291,454   96,812   0,357   1,136   31,490   15,795   1,910   4,640   0,000   0,000   0,000   780,71      
0,75/28   54,146   302,249   302,249   93,355   0,344   1,095   30,366   15,231   1,842   4,474   0,000   0,000   0,000   799,035      
0,80/ 1   1,934   11,514   11,514   2788,193   9,632   30,670   850,241   426,464   51,572   125,269   0,000   0,000   0,000   4130,162      
0,80/ 2   3,868   23,028   23,028   1394,097   4,816   15,335   425,120   213,232   25,786   62,635   0,000   0,000   0,000   2102,524      
0,80/ 3   5,801   34,543   34,543   929,398   3,211   10,223   283,414   142,155   17,191   41,756   0,000   0,000   0,000   1443,288      
0,80/ 4   7,735   46,057   46,057   697,048   2,408   7,667   212,560   106,616   12,893   31,317   0,000   0,000   0,000   1126,148      
0,80/ 5   9,669   57,571   57,571   557,639   1,926   6,134   170,048   85,293   10,314   25,054   0,000   0,000   0,000   945,851      
0,80/ 6   11,603   69,085   69,085   464,699   1,605   5,112   141,707   71,077   8,595   20,878   0,000   0,000   0,000   833,973      
0,80/ 7   13,536   80,600   80,600   398,313   1,376   4,381   121,463   60,923   7,367   17,896   0,000   0,000   0,000   761,192      
0,80/ 8   15,470   92,114   92,114   348,524   1,204   3,834   106,280   53,308   6,447   15,659   0,000   0,000   0,000   712,848      
0,80/ 9   17,404   103,628   103,628   309,799   1,070   3,408   94,471   47,385   5,730   13,919   0,000   0,000   0,000   680,793      
0,80/10   19,338   115,142   115,142   278,819   0,963   3,067   85,024   42,646   5,157   12,527   0,000   0,000   0,000   660,141      
0,80/11   21,272   126,657   126,657   253,472   0,876   2,788   77,295   38,769   4,688   11,388   0,000   0,000   0,000   647,786      
0,80/12   23,205   138,171   138,171   232,349   0,803   2,556   70,853   35,539   4,298   10,439   0,000   0,000   0,000   641,647      
0,80/13   25,139   149,685   149,685   214,476   0,741   2,359   65,403   32,805   3,967   9,636   0,000   0,000   0,000   640,293      
0,80/14   27,073   161,199   161,199   199,157   0,688   2,191   60,731   30,462   3,684   8,948   0,000   0,000   0,000   642,7      
0,80/15   29,007   172,714   172,714   185,880   0,642   2,045   56,683   28,431   3,438   8,351   0,000   0,000   0,000   648,116      
0,80/16   30,940   184,228   184,228   174,262   0,602   1,917   53,140   26,654   3,223   7,829   0,000   0,000   0,000   655,971      
0,80/17   32,874   195,742   195,742   164,011   0,567   1,804   50,014   25,086   3,034   7,369   0,000   0,000   0,000   665,84      
0,80/18   34,808   207,256   207,256   154,900   0,535   1,704   47,236   23,692   2,865   6,959   0,000   0,000   0,000   677,387      
0,80/19   36,742   218,771   218,771   146,747   0,507   1,614   44,750   22,445   2,714   6,593   0,000   0,000   0,000   690,347      
0,80/20   38,676   230,285   230,285   139,410   0,482   1,533   42,512   21,323   2,579   6,263   0,000   0,000   0,000   704,506      
0,80/21   40,609   241,799   241,799   132,771   0,459   1,460   40,488   20,308   2,456   5,965   0,000   0,000   0,000   719,693      
0,80/22   42,543   253,313   253,313   126,736   0,438   1,394   38,647   19,385   2,344   5,694   0,000   0,000   0,000   735,769      
0,80/23   44,477   264,828   264,828   121,226   0,419   1,333   36,967   18,542   2,242   5,446   0,000   0,000   0,000   752,62      
0,80/24   46,411   276,342   276,342   116,175   0,401   1,278   35,427   17,769   2,149   5,220   0,000   0,000   0,000   770,145      
0,80/25   48,344   287,856   287,856   111,528   0,385   1,227   34,010   17,059   2,063   5,011   0,000   0,000   0,000   788,265      
0,80/26   50,278   299,370   299,370   107,238   0,370   1,180   32,702   16,402   1,984   4,818   0,000   0,000   0,000   806,91      
0,80/27   52,212   310,884   310,884   103,266   0,357   1,136   31,490   15,795   1,910   4,640   0,000   0,000   0,000   826,024      
0,80/28   54,146   322,399   322,399   99,578   0,344   1,095   30,366   15,231   1,842   4,474   0,000   0,000   0,000   845,558      
0,80/15   1082,109   4860,000   4860,000   2462,400   11,676   3,101   158,125   533,347   64,497   156,665   0,000   0,000   0,000   13970,758      
ќптимизационные значени€
ar/ћес€ц   S1   S2   S3   S4   S5   S6   S7   S8   S9   S10   Sдоп1   Sдоп2   Sдоп3   —умма      
0,50/14   27,073   100,750   100,750   124,473   0,688   2,191   60,731   30,462   3,684   8,948   0,000   0,000   0,000   447,118      
0,33/15   29,007   71,892   71,892   77,372   0,642   2,045   56,683   28,431   3,438   8,351   0,000   0,000   0,000   337,964      
0,25/15   29,007   53,973   53,973   58,087   0,642   2,045   56,683   28,431   3,438   8,351   0,000   0,000   0,000   282,841      
0,20/16   30,940   46,057   46,057   43,566   0,602   1,917   53,140   26,654   3,223   7,829   0,000   0,000   0,000   248,933      
0,67/13   25,139   124,800   124,800   178,820   0,741   2,359   65,403   32,805   3,967   9,636   0,000   0,000   0,000   554,867      
0,63/13   25,139   116,941   116,941   167,560   0,741   2,359   65,403   32,805   3,967   9,636   0,000   0,000   0,000   527,889      
0,75/13   25,139   140,330   140,330   201,072   0,741   2,359   65,403   32,805   3,967   9,636   0,000   0,000   0,000   608,179      
0,80/13   25,139   149,685   149,685   214,476   0,741   2,359   65,403   32,805   3,967   9,636   0,000   0,000   0,000   640,293      
–ассчет эффективности
ar/ћес€ц   —уп   Ён   Ёос   Ёоб   Ёс   Ёз   Ёq   Ёобщ      
0,50/14   74,27   34,48   0,15   0,08   0,08   0,01   16,72   299,89      
0,33/18   47,21   16,86   0,07   0,04   0,05   0,01   16,72   292,87      
ƒельта и т.д.
ar/ћес€ц   Smax   —умма   ƒельта Smax-—умма      
0,50/18   14492,858   10459,571   4033,287      
