–езультаты расчета
ar/ћес€ц   S1   S2   S3   S4   S5   S6   S7   S8   S9   S10   Sдоп1   Sдоп2   Sдоп3   —умма      
0,50/ 1   2,439   9,075   9,075   1274,594   7,714   30,670   680,949   537,803   65,036   157,974   0,000   0,000   0,000   2552,319      
0,50/ 2   4,877   18,150   18,150   637,297   3,857   15,335   340,475   268,901   32,518   78,987   0,000   0,000   0,000   1307,042      
0,50/ 3   7,316   27,226   27,226   424,865   2,571   10,223   226,983   179,268   21,679   52,658   0,000   0,000   0,000   905,678      
0,50/ 4   9,755   36,301   36,301   318,648   1,928   7,667   170,237   134,451   16,259   39,493   0,000   0,000   0,000   715,288      
0,50/ 5   12,193   45,376   45,376   254,919   1,543   6,134   136,190   107,561   13,007   31,595   0,000   0,000   0,000   609,292      
0,50/ 6   14,632   54,451   54,451   212,432   1,286   5,112   113,492   89,634   10,839   26,329   0,000   0,000   0,000   545,49      
0,50/ 7   17,070   63,526   63,526   182,085   1,102   4,381   97,278   76,829   9,291   22,568   0,000   0,000   0,000   505,797      
0,50/ 8   19,509   72,602   72,602   159,324   0,964   3,834   85,119   67,225   8,130   19,747   0,000   0,000   0,000   481,179      
0,50/ 9   21,948   81,677   81,677   141,622   0,857   3,408   75,661   59,756   7,226   17,553   0,000   0,000   0,000   466,606      
0,50/10   24,386   90,752   90,752   127,459   0,771   3,067   68,095   53,780   6,504   15,797   0,000   0,000   0,000   459,062      
0,50/11   26,825   99,827   99,827   115,872   0,701   2,788   61,904   48,891   5,912   14,361   0,000   0,000   0,000   456,635      
0,50/12   29,264   108,902   108,902   106,216   0,643   2,556   56,746   44,817   5,420   13,164   0,000   0,000   0,000   458,046      
0,50/13   31,702   117,978   117,978   98,046   0,593   2,359   52,381   41,369   5,003   12,152   0,000   0,000   0,000   462,406      
0,50/14   34,141   127,053   127,053   91,042   0,551   2,191   48,639   38,414   4,645   11,284   0,000   0,000   0,000   469,084      
0,50/15   36,580   136,128   136,128   84,973   0,514   2,045   45,397   35,854   4,336   10,532   0,000   0,000   0,000   477,619      
0,50/16   39,018   145,203   145,203   79,662   0,482   1,917   42,559   33,613   4,065   9,873   0,000   0,000   0,000   487,657      
0,50/17   41,457   154,278   154,278   74,976   0,454   1,804   40,056   31,635   3,826   9,293   0,000   0,000   0,000   498,938      
0,50/18   43,895   163,354   163,354   70,811   0,429   1,704   37,831   29,878   3,613   8,776   0,000   0,000   0,000   511,256      
0,50/19   46,334   172,429   172,429   67,084   0,406   1,614   35,839   28,305   3,423   8,314   0,000   0,000   0,000   524,44      
0,50/20   48,773   181,504   181,504   63,730   0,386   1,533   34,047   26,890   3,252   7,899   0,000   0,000   0,000   538,367      
0,50/21   51,211   190,579   190,579   60,695   0,367   1,460   32,426   25,610   3,097   7,523   0,000   0,000   0,000   552,927      
0,50/22   53,650   199,654   199,654   57,936   0,351   1,394   30,952   24,446   2,956   7,181   0,000   0,000   0,000   568,037      
0,50/23   56,089   208,730   208,730   55,417   0,335   1,333   29,606   23,383   2,828   6,868   0,000   0,000   0,000   583,623      
0,50/24   58,527   217,805   217,805   53,108   0,321   1,278   28,373   22,408   2,710   6,582   0,000   0,000   0,000   599,625      
0,50/25   60,966   226,880   226,880   50,984   0,309   1,227   27,238   21,512   2,601   6,319   0,000   0,000   0,000   615,996      
0,50/26   63,405   235,955   235,955   49,023   0,297   1,180   26,190   20,685   2,501   6,076   0,000   0,000   0,000   632,69      
0,50/27   65,843   245,030   245,030   47,207   0,286   1,136   25,220   19,919   2,409   5,851   0,000   0,000   0,000   649,671      
0,50/28   68,282   254,106   254,106   45,521   0,275   1,095   24,320   19,207   2,323   5,642   0,000   0,000   0,000   666,912      
0,33/ 1   2,439   6,044   6,044   848,879   7,714   30,670   680,949   537,803   65,036   157,974   0,000   0,000   0,000   2120,542      
0,33/ 2   4,877   12,088   12,088   424,440   3,857   15,335   340,475   268,901   32,518   78,987   0,000   0,000   0,000   1082,061      
0,33/ 3   7,316   18,132   18,132   282,960   2,571   10,223   226,983   179,268   21,679   52,658   0,000   0,000   0,000   745,585      
0,33/ 4   9,755   24,176   24,176   212,220   1,928   7,667   170,237   134,451   16,259   39,493   0,000   0,000   0,000   584,61      
0,33/ 5   12,193   30,220   30,220   169,776   1,543   6,134   136,190   107,561   13,007   31,595   0,000   0,000   0,000   493,837      
0,33/ 6   14,632   36,264   36,264   141,480   1,286   5,112   113,492   89,634   10,839   26,329   0,000   0,000   0,000   438,164      
0,33/ 7   17,070   42,309   42,309   121,268   1,102   4,381   97,278   76,829   9,291   22,568   0,000   0,000   0,000   402,546      
0,33/ 8   19,509   48,353   48,353   106,110   0,964   3,834   85,119   67,225   8,130   19,747   0,000   0,000   0,000   379,467      
0,33/ 9   21,948   54,397   54,397   94,320   0,857   3,408   75,661   59,756   7,226   17,553   0,000   0,000   0,000   364,744      
0,33/10   24,386   60,441   60,441   84,888   0,771   3,067   68,095   53,780   6,504   15,797   0,000   0,000   0,000   355,869      
0,33/11   26,825   66,485   66,485   77,171   0,701   2,788   61,904   48,891   5,912   14,361   0,000   0,000   0,000   351,25      
0,33/12   29,264   72,529   72,529   70,740   0,643   2,556   56,746   44,817   5,420   13,164   0,000   0,000   0,000   349,824      
0,33/13   31,702   78,573   78,573   65,298   0,593   2,359   52,381   41,369   5,003   12,152   0,000   0,000   0,000   350,848      
0,33/14   34,141   84,617   84,617   60,634   0,551   2,191   48,639   38,414   4,645   11,284   0,000   0,000   0,000   353,804      
0,33/15   36,580   90,661   90,661   56,592   0,514   2,045   45,397   35,854   4,336   10,532   0,000   0,000   0,000   358,304      
0,33/16   39,018   96,705   96,705   53,055   0,482   1,917   42,559   33,613   4,065   9,873   0,000   0,000   0,000   364,054      
0,33/17   41,457   102,749   102,749   49,934   0,454   1,804   40,056   31,635   3,826   9,293   0,000   0,000   0,000   370,838      
0,33/18   43,895   108,793   108,793   47,160   0,429   1,704   37,831   29,878   3,613   8,776   0,000   0,000   0,000   378,483      
0,33/19   46,334   114,838   114,838   44,678   0,406   1,614   35,839   28,305   3,423   8,314   0,000   0,000   0,000   386,852      
0,33/20   48,773   120,882   120,882   42,444   0,386   1,533   34,047   26,890   3,252   7,899   0,000   0,000   0,000   395,837      
0,33/21   51,211   126,926   126,926   40,423   0,367   1,460   32,426   25,610   3,097   7,523   0,000   0,000   0,000   405,349      
0,33/22   53,650   132,970   132,970   38,585   0,351   1,394   30,952   24,446   2,956   7,181   0,000   0,000   0,000   415,318      
0,33/23   56,089   139,014   139,014   36,908   0,335   1,333   29,606   23,383   2,828   6,868   0,000   0,000   0,000   425,682      
0,33/24   58,527   145,058   145,058   35,370   0,321   1,278   28,373   22,408   2,710   6,582   0,000   0,000   0,000   436,393      
0,33/25   60,966   151,102   151,102   33,955   0,309   1,227   27,238   21,512   2,601   6,319   0,000   0,000   0,000   447,411      
0,33/26   63,405   157,146   157,146   32,649   0,297   1,180   26,190   20,685   2,501   6,076   0,000   0,000   0,000   458,698      
0,33/27   65,843   163,190   163,190   31,440   0,286   1,136   25,220   19,919   2,409   5,851   0,000   0,000   0,000   470,224      
0,33/28   68,282   169,234   169,234   30,317   0,275   1,095   24,320   19,207   2,323   5,642   0,000   0,000   0,000   481,964      
0,25/ 1   2,439   4,538   4,538   637,297   7,714   30,670   680,949   537,803   65,036   157,974   0,000   0,000   0,000   1905,948      
0,25/ 2   4,877   9,075   9,075   318,648   3,857   15,335   340,475   268,901   32,518   78,987   0,000   0,000   0,000   970,243      
0,25/ 3   7,316   13,613   13,613   212,432   2,571   10,223   226,983   179,268   21,679   52,658   0,000   0,000   0,000   666,019      
0,25/ 4   9,755   18,150   18,150   159,324   1,928   7,667   170,237   134,451   16,259   39,493   0,000   0,000   0,000   519,662      
0,25/ 5   12,193   22,688   22,688   127,459   1,543   6,134   136,190   107,561   13,007   31,595   0,000   0,000   0,000   436,456      
0,25/ 6   14,632   27,226   27,226   106,216   1,286   5,112   113,492   89,634   10,839   26,329   0,000   0,000   0,000   384,824      
0,25/ 7   17,070   31,763   31,763   91,042   1,102   4,381   97,278   76,829   9,291   22,568   0,000   0,000   0,000   351,228      
0,25/ 8   19,509   36,301   36,301   79,662   0,964   3,834   85,119   67,225   8,130   19,747   0,000   0,000   0,000   328,915      
0,25/ 9   21,948   40,838   40,838   70,811   0,857   3,408   75,661   59,756   7,226   17,553   0,000   0,000   0,000   314,117      
0,25/10   24,386   45,376   45,376   63,730   0,771   3,067   68,095   53,780   6,504   15,797   0,000   0,000   0,000   304,581      
0,25/11   26,825   49,914   49,914   57,936   0,701   2,788   61,904   48,891   5,912   14,361   0,000   0,000   0,000   298,873      
0,25/12   29,264   54,451   54,451   53,108   0,643   2,556   56,746   44,817   5,420   13,164   0,000   0,000   0,000   296,036      
0,25/13   31,702   58,989   58,989   49,023   0,593   2,359   52,381   41,369   5,003   12,152   0,000   0,000   0,000   295,405      
0,25/14   34,141   63,526   63,526   45,521   0,551   2,191   48,639   38,414   4,645   11,284   0,000   0,000   0,000   296,509      
0,25/15   36,580   68,064   68,064   42,486   0,514   2,045   45,397   35,854   4,336   10,532   0,000   0,000   0,000   299,004      
0,25/16   39,018   72,602   72,602   39,831   0,482   1,917   42,559   33,613   4,065   9,873   0,000   0,000   0,000   302,624      
0,25/17   41,457   77,139   77,139   37,488   0,454   1,804   40,056   31,635   3,826   9,293   0,000   0,000   0,000   307,172      
0,25/18   43,895   81,677   81,677   35,405   0,429   1,704   37,831   29,878   3,613   8,776   0,000   0,000   0,000   312,496      
0,25/19   46,334   86,214   86,214   33,542   0,406   1,614   35,839   28,305   3,423   8,314   0,000   0,000   0,000   318,468      
0,25/20   48,773   90,752   90,752   31,865   0,386   1,533   34,047   26,890   3,252   7,899   0,000   0,000   0,000   324,998      
0,25/21   51,211   95,290   95,290   30,347   0,367   1,460   32,426   25,610   3,097   7,523   0,000   0,000   0,000   332,001      
0,25/22   53,650   99,827   99,827   28,968   0,351   1,394   30,952   24,446   2,956   7,181   0,000   0,000   0,000   339,415      
0,25/23   56,089   104,365   104,365   27,709   0,335   1,333   29,606   23,383   2,828   6,868   0,000   0,000   0,000   347,185      
0,25/24   58,527   108,902   108,902   26,554   0,321   1,278   28,373   22,408   2,710   6,582   0,000   0,000   0,000   355,265      
0,25/25   60,966   113,440   113,440   25,492   0,309   1,227   27,238   21,512   2,601   6,319   0,000   0,000   0,000   363,624      
0,25/26   63,405   117,978   117,978   24,511   0,297   1,180   26,190   20,685   2,501   6,076   0,000   0,000   0,000   372,224      
0,25/27   65,843   122,515   122,515   23,604   0,286   1,136   25,220   19,919   2,409   5,851   0,000   0,000   0,000   381,038      
0,25/28   68,282   127,053   127,053   22,761   0,275   1,095   24,320   19,207   2,323   5,642   0,000   0,000   0,000   390,046      
0,20/ 1   2,439   3,630   3,630   509,837   7,714   30,670   680,949   537,803   65,036   157,974   0,000   0,000   0,000   1776,672      
0,20/ 2   4,877   7,260   7,260   254,919   3,857   15,335   340,475   268,901   32,518   78,987   0,000   0,000   0,000   902,884      
0,20/ 3   7,316   10,890   10,890   169,946   2,571   10,223   226,983   179,268   21,679   52,658   0,000   0,000   0,000   618,087      
0,20/ 4   9,755   14,520   14,520   127,459   1,928   7,667   170,237   134,451   16,259   39,493   0,000   0,000   0,000   480,537      
0,20/ 5   12,193   18,150   18,150   101,967   1,543   6,134   136,190   107,561   13,007   31,595   0,000   0,000   0,000   401,888      
0,20/ 6   14,632   21,780   21,780   84,973   1,286   5,112   113,492   89,634   10,839   26,329   0,000   0,000   0,000   352,689      
0,20/ 7   17,070   25,411   25,411   72,834   1,102   4,381   97,278   76,829   9,291   22,568   0,000   0,000   0,000   320,316      
0,20/ 8   19,509   29,041   29,041   63,730   0,964   3,834   85,119   67,225   8,130   19,747   0,000   0,000   0,000   298,463      
0,20/ 9   21,948   32,671   32,671   56,649   0,857   3,408   75,661   59,756   7,226   17,553   0,000   0,000   0,000   283,621      
0,20/10   24,386   36,301   36,301   50,984   0,771   3,067   68,095   53,780   6,504   15,797   0,000   0,000   0,000   273,685      
0,20/11   26,825   39,931   39,931   46,349   0,701   2,788   61,904   48,891   5,912   14,361   0,000   0,000   0,000   267,32      
0,20/12   29,264   43,561   43,561   42,486   0,643   2,556   56,746   44,817   5,420   13,164   0,000   0,000   0,000   263,634      
0,20/13   31,702   47,191   47,191   39,218   0,593   2,359   52,381   41,369   5,003   12,152   0,000   0,000   0,000   262,004      
0,20/14   34,141   50,821   50,821   36,417   0,551   2,191   48,639   38,414   4,645   11,284   0,000   0,000   0,000   261,995      
0,20/15   36,580   54,451   54,451   33,989   0,514   2,045   45,397   35,854   4,336   10,532   0,000   0,000   0,000   263,281      
0,20/16   39,018   58,081   58,081   31,865   0,482   1,917   42,559   33,613   4,065   9,873   0,000   0,000   0,000   265,616      
0,20/17   41,457   61,711   61,711   29,990   0,454   1,804   40,056   31,635   3,826   9,293   0,000   0,000   0,000   268,818      
0,20/18   43,895   65,341   65,341   28,324   0,429   1,704   37,831   29,878   3,613   8,776   0,000   0,000   0,000   272,743      
0,20/19   46,334   68,972   68,972   26,834   0,406   1,614   35,839   28,305   3,423   8,314   0,000   0,000   0,000   277,276      
0,20/20   48,773   72,602   72,602   25,492   0,386   1,533   34,047   26,890   3,252   7,899   0,000   0,000   0,000   282,325      
0,20/21   51,211   76,232   76,232   24,278   0,367   1,460   32,426   25,610   3,097   7,523   0,000   0,000   0,000   287,816      
0,20/22   53,650   79,862   79,862   23,174   0,351   1,394   30,952   24,446   2,956   7,181   0,000   0,000   0,000   293,691      
0,20/23   56,089   83,492   83,492   22,167   0,335   1,333   29,606   23,383   2,828   6,868   0,000   0,000   0,000   299,897      
0,20/24   58,527   87,122   87,122   21,243   0,321   1,278   28,373   22,408   2,710   6,582   0,000   0,000   0,000   306,394      
0,20/25   60,966   90,752   90,752   20,393   0,309   1,227   27,238   21,512   2,601   6,319   0,000   0,000   0,000   313,149      
0,20/26   63,405   94,382   94,382   19,609   0,297   1,180   26,190   20,685   2,501   6,076   0,000   0,000   0,000   320,13      
0,20/27   65,843   98,012   98,012   18,883   0,286   1,136   25,220   19,919   2,409   5,851   0,000   0,000   0,000   327,311      
0,20/28   68,282   101,642   101,642   18,208   0,275   1,095   24,320   19,207   2,323   5,642   0,000   0,000   0,000   334,671      
0,67/ 1   2,439   12,106   12,106   1700,308   7,714   30,670   680,949   537,803   65,036   157,974   0,000   0,000   0,000   2984,095      
0,67/ 2   4,877   24,213   24,213   850,154   3,857   15,335   340,475   268,901   32,518   78,987   0,000   0,000   0,000   1532,025      
0,67/ 3   7,316   36,319   36,319   566,769   2,571   10,223   226,983   179,268   21,679   52,658   0,000   0,000   0,000   1065,768      
0,67/ 4   9,755   48,425   48,425   425,077   1,928   7,667   170,237   134,451   16,259   39,493   0,000   0,000   0,000   845,965      
0,67/ 5   12,193   60,532   60,532   340,062   1,543   6,134   136,190   107,561   13,007   31,595   0,000   0,000   0,000   724,747      
0,67/ 6   14,632   72,638   72,638   283,385   1,286   5,112   113,492   89,634   10,839   26,329   0,000   0,000   0,000   652,817      
0,67/ 7   17,070   84,744   84,744   242,901   1,102   4,381   97,278   76,829   9,291   22,568   0,000   0,000   0,000   609,049      
0,67/ 8   19,509   96,851   96,851   212,538   0,964   3,834   85,119   67,225   8,130   19,747   0,000   0,000   0,000   582,891      
0,67/ 9   21,948   108,957   108,957   188,923   0,857   3,408   75,661   59,756   7,226   17,553   0,000   0,000   0,000   568,467      
0,67/10   24,386   121,063   121,063   170,031   0,771   3,067   68,095   53,780   6,504   15,797   0,000   0,000   0,000   562,256      
0,67/11   26,825   133,169   133,169   154,573   0,701   2,788   61,904   48,891   5,912   14,361   0,000   0,000   0,000   562,02      
0,67/12   29,264   145,276   145,276   141,692   0,643   2,556   56,746   44,817   5,420   13,164   0,000   0,000   0,000   566,27      
0,67/13   31,702   157,382   157,382   130,793   0,593   2,359   52,381   41,369   5,003   12,152   0,000   0,000   0,000   573,961      
0,67/14   34,141   169,488   169,488   121,451   0,551   2,191   48,639   38,414   4,645   11,284   0,000   0,000   0,000   584,363      
0,67/15   36,580   181,595   181,595   113,354   0,514   2,045   45,397   35,854   4,336   10,532   0,000   0,000   0,000   596,934      
0,67/16   39,018   193,701   193,701   106,269   0,482   1,917   42,559   33,613   4,065   9,873   0,000   0,000   0,000   611,26      
0,67/17   41,457   205,807   205,807   100,018   0,454   1,804   40,056   31,635   3,826   9,293   0,000   0,000   0,000   627,038      
0,67/18   43,895   217,914   217,914   94,462   0,429   1,704   37,831   29,878   3,613   8,776   0,000   0,000   0,000   644,027      
0,67/19   46,334   230,020   230,020   89,490   0,406   1,614   35,839   28,305   3,423   8,314   0,000   0,000   0,000   662,028      
0,67/20   48,773   242,126   242,126   85,015   0,386   1,533   34,047   26,890   3,252   7,899   0,000   0,000   0,000   680,896      
0,67/21   51,211   254,233   254,233   80,967   0,367   1,460   32,426   25,610   3,097   7,523   0,000   0,000   0,000   700,507      
0,67/22   53,650   266,339   266,339   77,287   0,351   1,394   30,952   24,446   2,956   7,181   0,000   0,000   0,000   720,758      
0,67/23   56,089   278,445   278,445   73,926   0,335   1,333   29,606   23,383   2,828   6,868   0,000   0,000   0,000   741,562      
0,67/24   58,527   290,552   290,552   70,846   0,321   1,278   28,373   22,408   2,710   6,582   0,000   0,000   0,000   762,857      
0,67/25   60,966   302,658   302,658   68,012   0,309   1,227   27,238   21,512   2,601   6,319   0,000   0,000   0,000   784,58      
0,67/26   63,405   314,764   314,764   65,396   0,297   1,180   26,190   20,685   2,501   6,076   0,000   0,000   0,000   806,681      
0,67/27   65,843   326,871   326,871   62,974   0,286   1,136   25,220   19,919   2,409   5,851   0,000   0,000   0,000   829,12      
0,67/28   68,282   338,977   338,977   60,725   0,275   1,095   24,320   19,207   2,323   5,642   0,000   0,000   0,000   851,858      
0,63/ 1   2,439   11,344   11,344   1593,242   7,714   30,670   680,949   537,803   65,036   157,974   0,000   0,000   0,000   2875,505      
0,63/ 2   4,877   22,688   22,688   796,621   3,857   15,335   340,475   268,901   32,518   78,987   0,000   0,000   0,000   1475,442      
0,63/ 3   7,316   34,032   34,032   531,081   2,571   10,223   226,983   179,268   21,679   52,658   0,000   0,000   0,000   1025,506      
0,63/ 4   9,755   45,376   45,376   398,311   1,928   7,667   170,237   134,451   16,259   39,493   0,000   0,000   0,000   813,101      
0,63/ 5   12,193   56,720   56,720   318,648   1,543   6,134   136,190   107,561   13,007   31,595   0,000   0,000   0,000   695,709      
0,63/ 6   14,632   68,064   68,064   265,540   1,286   5,112   113,492   89,634   10,839   26,329   0,000   0,000   0,000   625,824      
0,63/ 7   17,070   79,408   79,408   227,606   1,102   4,381   97,278   76,829   9,291   22,568   0,000   0,000   0,000   583,082      
0,63/ 8   19,509   90,752   90,752   199,155   0,964   3,834   85,119   67,225   8,130   19,747   0,000   0,000   0,000   557,31      
0,63/ 9   21,948   102,096   102,096   177,027   0,857   3,408   75,661   59,756   7,226   17,553   0,000   0,000   0,000   542,849      
0,63/10   24,386   113,440   113,440   159,324   0,771   3,067   68,095   53,780   6,504   15,797   0,000   0,000   0,000   536,303      
0,63/11   26,825   124,784   124,784   144,840   0,701   2,788   61,904   48,891   5,912   14,361   0,000   0,000   0,000   535,517      
0,63/12   29,264   136,128   136,128   132,770   0,643   2,556   56,746   44,817   5,420   13,164   0,000   0,000   0,000   539,052      
0,63/13   31,702   147,472   147,472   122,557   0,593   2,359   52,381   41,369   5,003   12,152   0,000   0,000   0,000   545,905      
0,63/14   34,141   158,816   158,816   113,803   0,551   2,191   48,639   38,414   4,645   11,284   0,000   0,000   0,000   555,371      
0,63/15   36,580   170,160   170,160   106,216   0,514   2,045   45,397   35,854   4,336   10,532   0,000   0,000   0,000   566,926      
0,63/16   39,018   181,504   181,504   99,578   0,482   1,917   42,559   33,613   4,065   9,873   0,000   0,000   0,000   580,175      
0,63/17   41,457   192,848   192,848   93,720   0,454   1,804   40,056   31,635   3,826   9,293   0,000   0,000   0,000   594,822      
0,63/18   43,895   204,192   204,192   88,513   0,429   1,704   37,831   29,878   3,613   8,776   0,000   0,000   0,000   610,634      
0,63/19   46,334   215,536   215,536   83,855   0,406   1,614   35,839   28,305   3,423   8,314   0,000   0,000   0,000   627,425      
0,63/20   48,773   226,880   226,880   79,662   0,386   1,533   34,047   26,890   3,252   7,899   0,000   0,000   0,000   645,051      
0,63/21   51,211   238,224   238,224   75,869   0,367   1,460   32,426   25,610   3,097   7,523   0,000   0,000   0,000   663,391      
0,63/22   53,650   249,568   249,568   72,420   0,351   1,394   30,952   24,446   2,956   7,181   0,000   0,000   0,000   682,349      
0,63/23   56,089   260,912   260,912   69,271   0,335   1,333   29,606   23,383   2,828   6,868   0,000   0,000   0,000   701,841      
0,63/24   58,527   272,256   272,256   66,385   0,321   1,278   28,373   22,408   2,710   6,582   0,000   0,000   0,000   721,804      
0,63/25   60,966   283,600   283,600   63,730   0,309   1,227   27,238   21,512   2,601   6,319   0,000   0,000   0,000   742,182      
0,63/26   63,405   294,944   294,944   61,279   0,297   1,180   26,190   20,685   2,501   6,076   0,000   0,000   0,000   762,924      
0,63/27   65,843   306,288   306,288   59,009   0,286   1,136   25,220   19,919   2,409   5,851   0,000   0,000   0,000   783,989      
0,63/28   68,282   317,632   317,632   56,902   0,275   1,095   24,320   19,207   2,323   5,642   0,000   0,000   0,000   805,345      
0,75/ 1   2,439   13,613   13,613   1911,891   7,714   30,670   680,949   537,803   65,036   157,974   0,000   0,000   0,000   3198,692      
0,75/ 2   4,877   27,226   27,226   955,945   3,857   15,335   340,475   268,901   32,518   78,987   0,000   0,000   0,000   1643,842      
0,75/ 3   7,316   40,838   40,838   637,297   2,571   10,223   226,983   179,268   21,679   52,658   0,000   0,000   0,000   1145,334      
0,75/ 4   9,755   54,451   54,451   477,973   1,928   7,667   170,237   134,451   16,259   39,493   0,000   0,000   0,000   910,913      
0,75/ 5   12,193   68,064   68,064   382,378   1,543   6,134   136,190   107,561   13,007   31,595   0,000   0,000   0,000   782,127      
0,75/ 6   14,632   81,677   81,677   318,648   1,286   5,112   113,492   89,634   10,839   26,329   0,000   0,000   0,000   706,158      
0,75/ 7   17,070   95,290   95,290   273,127   1,102   4,381   97,278   76,829   9,291   22,568   0,000   0,000   0,000   660,367      
0,75/ 8   19,509   108,902   108,902   238,986   0,964   3,834   85,119   67,225   8,130   19,747   0,000   0,000   0,000   633,441      
0,75/ 9   21,948   122,515   122,515   212,432   0,857   3,408   75,661   59,756   7,226   17,553   0,000   0,000   0,000   619,092      
0,75/10   24,386   136,128   136,128   191,189   0,771   3,067   68,095   53,780   6,504   15,797   0,000   0,000   0,000   613,544      
0,75/11   26,825   149,741   149,741   173,808   0,701   2,788   61,904   48,891   5,912   14,361   0,000   0,000   0,000   614,399      
0,75/12   29,264   163,354   163,354   159,324   0,643   2,556   56,746   44,817   5,420   13,164   0,000   0,000   0,000   620,058      
0,75/13   31,702   176,966   176,966   147,069   0,593   2,359   52,381   41,369   5,003   12,152   0,000   0,000   0,000   629,405      
0,75/14   34,141   190,579   190,579   136,564   0,551   2,191   48,639   38,414   4,645   11,284   0,000   0,000   0,000   641,658      
0,75/15   36,580   204,192   204,192   127,459   0,514   2,045   45,397   35,854   4,336   10,532   0,000   0,000   0,000   656,233      
0,75/16   39,018   217,805   217,805   119,493   0,482   1,917   42,559   33,613   4,065   9,873   0,000   0,000   0,000   672,692      
0,75/17   41,457   231,418   231,418   112,464   0,454   1,804   40,056   31,635   3,826   9,293   0,000   0,000   0,000   690,706      
0,75/18   43,895   245,030   245,030   106,216   0,429   1,704   37,831   29,878   3,613   8,776   0,000   0,000   0,000   710,013      
0,75/19   46,334   258,643   258,643   100,626   0,406   1,614   35,839   28,305   3,423   8,314   0,000   0,000   0,000   730,41      
0,75/20   48,773   272,256   272,256   95,595   0,386   1,533   34,047   26,890   3,252   7,899   0,000   0,000   0,000   751,736      
0,75/21   51,211   285,869   285,869   91,042   0,367   1,460   32,426   25,610   3,097   7,523   0,000   0,000   0,000   773,854      
0,75/22   53,650   299,482   299,482   86,904   0,351   1,394   30,952   24,446   2,956   7,181   0,000   0,000   0,000   796,661      
0,75/23   56,089   313,094   313,094   83,126   0,335   1,333   29,606   23,383   2,828   6,868   0,000   0,000   0,000   820,06      
0,75/24   58,527   326,707   326,707   79,662   0,321   1,278   28,373   22,408   2,710   6,582   0,000   0,000   0,000   843,983      
0,75/25   60,966   340,320   340,320   76,476   0,309   1,227   27,238   21,512   2,601   6,319   0,000   0,000   0,000   868,368      
0,75/26   63,405   353,933   353,933   73,534   0,297   1,180   26,190   20,685   2,501   6,076   0,000   0,000   0,000   893,157      
0,75/27   65,843   367,546   367,546   70,811   0,286   1,136   25,220   19,919   2,409   5,851   0,000   0,000   0,000   918,307      
0,75/28   68,282   381,158   381,158   68,282   0,275   1,095   24,320   19,207   2,323   5,642   0,000   0,000   0,000   943,777      
0,80/ 1   2,439   14,520   14,520   2039,350   7,714   30,670   680,949   537,803   65,036   157,974   0,000   0,000   0,000   3327,965      
0,80/ 2   4,877   29,041   29,041   1019,675   3,857   15,335   340,475   268,901   32,518   78,987   0,000   0,000   0,000   1711,202      
0,80/ 3   7,316   43,561   43,561   679,783   2,571   10,223   226,983   179,268   21,679   52,658   0,000   0,000   0,000   1193,266      
0,80/ 4   9,755   58,081   58,081   509,837   1,928   7,667   170,237   134,451   16,259   39,493   0,000   0,000   0,000   950,037      
0,80/ 5   12,193   72,602   72,602   407,870   1,543   6,134   136,190   107,561   13,007   31,595   0,000   0,000   0,000   816,695      
0,80/ 6   14,632   87,122   87,122   339,892   1,286   5,112   113,492   89,634   10,839   26,329   0,000   0,000   0,000   738,292      
0,80/ 7   17,070   101,642   101,642   291,336   1,102   4,381   97,278   76,829   9,291   22,568   0,000   0,000   0,000   691,28      
0,80/ 8   19,509   116,163   116,163   254,919   0,964   3,834   85,119   67,225   8,130   19,747   0,000   0,000   0,000   663,896      
0,80/ 9   21,948   130,683   130,683   226,594   0,857   3,408   75,661   59,756   7,226   17,553   0,000   0,000   0,000   649,59      
0,80/10   24,386   145,203   145,203   203,935   0,771   3,067   68,095   53,780   6,504   15,797   0,000   0,000   0,000   644,44      
0,80/11   26,825   159,724   159,724   185,395   0,701   2,788   61,904   48,891   5,912   14,361   0,000   0,000   0,000   645,952      
0,80/12   29,264   174,244   174,244   169,946   0,643   2,556   56,746   44,817   5,420   13,164   0,000   0,000   0,000   652,46      
0,80/13   31,702   188,764   188,764   156,873   0,593   2,359   52,381   41,369   5,003   12,152   0,000   0,000   0,000   662,805      
0,80/14   34,141   203,284   203,284   145,668   0,551   2,191   48,639   38,414   4,645   11,284   0,000   0,000   0,000   676,172      
0,80/15   36,580   217,805   217,805   135,957   0,514   2,045   45,397   35,854   4,336   10,532   0,000   0,000   0,000   691,957      
0,80/16   39,018   232,325   232,325   127,459   0,482   1,917   42,559   33,613   4,065   9,873   0,000   0,000   0,000   709,698      
0,80/17   41,457   246,845   246,845   119,962   0,454   1,804   40,056   31,635   3,826   9,293   0,000   0,000   0,000   729,058      
0,80/18   43,895   261,366   261,366   113,297   0,429   1,704   37,831   29,878   3,613   8,776   0,000   0,000   0,000   749,766      
0,80/19   46,334   275,886   275,886   107,334   0,406   1,614   35,839   28,305   3,423   8,314   0,000   0,000   0,000   771,604      
0,80/20   48,773   290,406   290,406   101,967   0,386   1,533   34,047   26,890   3,252   7,899   0,000   0,000   0,000   794,408      
0,80/21   51,211   304,927   304,927   97,112   0,367   1,460   32,426   25,610   3,097   7,523   0,000   0,000   0,000   818,04      
0,80/22   53,650   319,447   319,447   92,698   0,351   1,394   30,952   24,446   2,956   7,181   0,000   0,000   0,000   842,385      
0,80/23   56,089   333,967   333,967   88,667   0,335   1,333   29,606   23,383   2,828   6,868   0,000   0,000   0,000   867,347      
0,80/24   58,527   348,488   348,488   84,973   0,321   1,278   28,373   22,408   2,710   6,582   0,000   0,000   0,000   892,856      
0,80/25   60,966   363,008   363,008   81,574   0,309   1,227   27,238   21,512   2,601   6,319   0,000   0,000   0,000   918,842      
0,80/26   63,405   377,528   377,528   78,437   0,297   1,180   26,190   20,685   2,501   6,076   0,000   0,000   0,000   945,25      
0,80/27   65,843   392,049   392,049   75,531   0,286   1,136   25,220   19,919   2,409   5,851   0,000   0,000   0,000   972,033      
0,80/28   68,282   406,569   406,569   72,834   0,275   1,095   24,320   19,207   2,323   5,642   0,000   0,000   0,000   999,151      
                                                
ќптимизационные значени€
ar/ћес€ц   S1   S2   S3   S4   S5   S6   S7   S8   S9   S10   Sдоп1   Sдоп2   Sдоп3   —умма      
0,50/11   26,825   99,827   99,827   115,872   0,701   2,788   61,904   48,891   5,912   14,361   0,000   0,000   0,000   456,635      
0,33/12   29,264   72,529   72,529   70,740   0,643   2,556   56,746   44,817   5,420   13,164   0,000   0,000   0,000   349,824      
0,25/13   31,702   58,989   58,989   49,023   0,593   2,359   52,381   41,369   5,003   12,152   0,000   0,000   0,000   295,405      
0,20/14   34,141   50,821   50,821   36,417   0,551   2,191   48,639   38,414   4,645   11,284   0,000   0,000   0,000   261,995      
0,67/11   26,825   133,169   133,169   154,573   0,701   2,788   61,904   48,891   5,912   14,361   0,000   0,000   0,000   562,02      
0,63/11   26,825   124,784   124,784   144,840   0,701   2,788   61,904   48,891   5,912   14,361   0,000   0,000   0,000   535,517      
0,75/10   24,386   136,128   136,128   191,189   0,771   3,067   68,095   53,780   6,504   15,797   0,000   0,000   0,000   613,544      
0,80/10   24,386   145,203   145,203   203,935   0,771   3,067   68,095   53,780   6,504   15,797   0,000   0,000   0,000   644,44      
                                                
–асчет эффективности
ar/ћес€ц   —уп   Ён   Ёос   Ёоб   Ёс   Ёз   Ёq   Ёобщ      
0,50/11   91,76   49,16   0,18   0,09   0,10   0,02   13,39   309,18      
0,33/15   56,61   26,28   0,09   0,05   0,06   0,01   13,39   299,38      
ƒельта и т.д.
ar/ћес€ц   Smax   —умма   ƒельта Smax-—умма      
               
