–езультаты расчета
ar/ћес€ц   S1   S2   S3   S4   S5   S6   S7   S8   S9   S10   Sдоп1   Sдоп2   Sдоп3   —умма      
0,50/ 1   2,370   6,614   6,614   309,660   3,211   30,670   283,454   261,316   31,601   76,759   0,000   0,000   0,000   903,909      
0,50/ 2   4,740   13,229   13,229   154,830   1,605   15,335   141,727   130,658   15,800   38,379   0,000   0,000   0,000   475,353      
0,50/ 3   7,110   19,843   19,843   103,220   1,070   10,223   94,485   87,105   10,534   25,586   0,000   0,000   0,000   342,899      
0,50/ 4   9,479   26,458   26,458   77,415   0,803   7,667   70,864   65,329   7,900   19,190   0,000   0,000   0,000   284,473      
0,50/ 5   11,849   33,072   33,072   61,932   0,642   6,134   56,691   52,263   6,320   15,352   0,000   0,000   0,000   255,655      
0,50/ 6   14,219   39,686   39,686   51,610   0,535   5,112   47,242   43,553   5,267   12,793   0,000   0,000   0,000   241,643      
0,50/ 7   16,589   46,301   46,301   44,237   0,459   4,381   40,493   37,331   4,514   10,966   0,000   0,000   0,000   236,092      
0,50/ 8   18,959   52,915   52,915   38,707   0,401   3,834   35,432   32,665   3,950   9,595   0,000   0,000   0,000   235,828      
0,50/ 9   21,329   59,530   59,530   34,407   0,357   3,408   31,495   29,035   3,511   8,529   0,000   0,000   0,000   239,091      
0,50/10   23,698   66,144   66,144   30,966   0,321   3,067   28,345   26,132   3,160   7,676   0,000   0,000   0,000   244,817      
0,50/11   26,068   72,758   72,758   28,151   0,292   2,788   25,769   23,756   2,873   6,978   0,000   0,000   0,000   252,34      
0,50/12   28,438   79,373   79,373   25,805   0,268   2,556   23,621   21,776   2,633   6,397   0,000   0,000   0,000   261,21      
0,50/13   30,808   85,987   85,987   23,820   0,247   2,359   21,804   20,101   2,431   5,905   0,000   0,000   0,000   271,113      
0,50/14   33,178   92,602   92,602   22,119   0,229   2,191   20,247   18,665   2,257   5,483   0,000   0,000   0,000   281,833      
0,50/16   37,918   105,830   105,830   19,354   0,201   1,917   17,716   16,332   1,975   4,797   0,000   0,000   0,000   305,098      
0,33/ 1   2,370   4,405   4,405   206,233   3,211   30,670   283,454   261,316   31,601   76,759   0,000   0,000   0,000   796,064      
0,33/ 2   4,740   8,810   8,810   103,117   1,605   15,335   141,727   130,658   15,800   38,379   0,000   0,000   0,000   414,802      
0,33/ 3   7,110   13,216   13,216   68,744   1,070   10,223   94,485   87,105   10,534   25,586   0,000   0,000   0,000   295,169      
0,33/ 4   9,479   17,621   17,621   51,558   0,803   7,667   70,864   65,329   7,900   19,190   0,000   0,000   0,000   240,942      
0,33/ 5   11,849   22,026   22,026   41,247   0,642   6,134   56,691   52,263   6,320   15,352   0,000   0,000   0,000   212,878      
0,33/ 6   14,219   26,431   26,431   34,372   0,535   5,112   47,242   43,553   5,267   12,793   0,000   0,000   0,000   197,895      
0,33/ 7   16,589   30,836   30,836   29,462   0,459   4,381   40,493   37,331   4,514   10,966   0,000   0,000   0,000   190,387      
0,33/ 8   18,959   35,242   35,242   25,779   0,401   3,834   35,432   32,665   3,950   9,595   0,000   0,000   0,000   187,554      
0,33/ 9   21,329   39,647   39,647   22,915   0,357   3,408   31,495   29,035   3,511   8,529   0,000   0,000   0,000   187,833      
0,33/10   23,698   44,052   44,052   20,623   0,321   3,067   28,345   26,132   3,160   7,676   0,000   0,000   0,000   190,29      
0,33/11   26,068   48,457   48,457   18,748   0,292   2,788   25,769   23,756   2,873   6,978   0,000   0,000   0,000   194,335      
0,33/12   28,438   52,862   52,862   17,186   0,268   2,556   23,621   21,776   2,633   6,397   0,000   0,000   0,000   199,569      
0,33/13   30,808   57,267   57,267   15,864   0,247   2,359   21,804   20,101   2,431   5,905   0,000   0,000   0,000   205,717      
0,33/14   33,178   61,673   61,673   14,731   0,229   2,191   20,247   18,665   2,257   5,483   0,000   0,000   0,000   212,587      
0,33/16   37,918   70,483   70,483   12,890   0,201   1,917   17,716   16,332   1,975   4,797   0,000   0,000   0,000   227,94      
0,25/ 1   2,370   3,307   3,307   154,830   3,211   30,670   283,454   261,316   31,601   76,759   0,000   0,000   0,000   742,465      
0,25/ 2   4,740   6,614   6,614   77,415   1,605   15,335   141,727   130,658   15,800   38,379   0,000   0,000   0,000   384,708      
0,25/ 3   7,110   9,922   9,922   51,610   1,070   10,223   94,485   87,105   10,534   25,586   0,000   0,000   0,000   271,447      
0,25/ 4   9,479   13,229   13,229   38,707   0,803   7,667   70,864   65,329   7,900   19,190   0,000   0,000   0,000   219,307      
0,25/ 5   11,849   16,536   16,536   30,966   0,642   6,134   56,691   52,263   6,320   15,352   0,000   0,000   0,000   191,617      
0,25/ 6   14,219   19,843   19,843   25,805   0,535   5,112   47,242   43,553   5,267   12,793   0,000   0,000   0,000   176,152      
0,25/ 7   16,589   23,150   23,150   22,119   0,459   4,381   40,493   37,331   4,514   10,966   0,000   0,000   0,000   167,672      
0,25/ 8   18,959   26,458   26,458   19,354   0,401   3,834   35,432   32,665   3,950   9,595   0,000   0,000   0,000   163,561      
0,25/ 9   21,329   29,765   29,765   17,203   0,357   3,408   31,495   29,035   3,511   8,529   0,000   0,000   0,000   162,357      
0,25/10   23,698   33,072   33,072   15,483   0,321   3,067   28,345   26,132   3,160   7,676   0,000   0,000   0,000   163,19      
0,25/11   26,068   36,379   36,379   14,075   0,292   2,788   25,769   23,756   2,873   6,978   0,000   0,000   0,000   165,506      
0,25/12   28,438   39,686   39,686   12,902   0,268   2,556   23,621   21,776   2,633   6,397   0,000   0,000   0,000   168,933      
0,25/13   30,808   42,994   42,994   11,910   0,247   2,359   21,804   20,101   2,431   5,905   0,000   0,000   0,000   173,217      
0,25/14   33,178   46,301   46,301   11,059   0,229   2,191   20,247   18,665   2,257   5,483   0,000   0,000   0,000   178,171      
0,25/16   37,918   52,915   52,915   9,677   0,201   1,917   17,716   16,332   1,975   4,797   0,000   0,000   0,000   189,591      
0,20/ 1   2,370   2,646   2,646   123,864   3,211   30,670   283,454   261,316   31,601   76,759   0,000   0,000   0,000   710,177      
0,20/ 2   4,740   5,292   5,292   61,932   1,605   15,335   141,727   130,658   15,800   38,379   0,000   0,000   0,000   366,581      
0,20/ 3   7,110   7,937   7,937   41,288   1,070   10,223   94,485   87,105   10,534   25,586   0,000   0,000   0,000   257,155      
0,20/ 4   9,479   10,583   10,583   30,966   0,803   7,667   70,864   65,329   7,900   19,190   0,000   0,000   0,000   206,274      
0,20/ 5   11,849   13,229   13,229   24,773   0,642   6,134   56,691   52,263   6,320   15,352   0,000   0,000   0,000   178,81      
0,20/ 6   14,219   15,875   15,875   20,644   0,535   5,112   47,242   43,553   5,267   12,793   0,000   0,000   0,000   163,055      
0,20/ 7   16,589   18,520   18,520   17,695   0,459   4,381   40,493   37,331   4,514   10,966   0,000   0,000   0,000   153,988      
0,20/ 8   18,959   21,166   21,166   15,483   0,401   3,834   35,432   32,665   3,950   9,595   0,000   0,000   0,000   149,106      
0,20/ 9   21,329   23,812   23,812   13,763   0,357   3,408   31,495   29,035   3,511   8,529   0,000   0,000   0,000   147,011      
0,20/10   23,698   26,458   26,458   12,386   0,321   3,067   28,345   26,132   3,160   7,676   0,000   0,000   0,000   146,865      
0,20/11   26,068   29,103   29,103   11,260   0,292   2,788   25,769   23,756   2,873   6,978   0,000   0,000   0,000   148,139      
0,20/12   28,438   31,749   31,749   10,322   0,268   2,556   23,621   21,776   2,633   6,397   0,000   0,000   0,000   150,479      
0,20/13   30,808   34,395   34,395   9,528   0,247   2,359   21,804   20,101   2,431   5,905   0,000   0,000   0,000   153,637      
0,20/14   33,178   37,041   37,041   8,847   0,229   2,191   20,247   18,665   2,257   5,483   0,000   0,000   0,000   157,439      
0,20/16   37,918   42,332   42,332   7,741   0,201   1,917   17,716   16,332   1,975   4,797   0,000   0,000   0,000   166,489      
0,67/ 1   2,370   8,824   8,824   413,086   3,211   30,670   283,454   261,316   31,601   76,759   0,000   0,000   0,000   1011,755      
0,67/ 2   4,740   17,647   17,647   206,543   1,605   15,335   141,727   130,658   15,800   38,379   0,000   0,000   0,000   535,902      
0,67/ 3   7,110   26,471   26,471   137,695   1,070   10,223   94,485   87,105   10,534   25,586   0,000   0,000   0,000   390,63      
0,67/ 4   9,479   35,294   35,294   103,272   0,803   7,667   70,864   65,329   7,900   19,190   0,000   0,000   0,000   328,002      
0,67/ 5   11,849   44,118   44,118   82,617   0,642   6,134   56,691   52,263   6,320   15,352   0,000   0,000   0,000   298,432      
0,67/ 6   14,219   52,942   52,942   68,848   0,535   5,112   47,242   43,553   5,267   12,793   0,000   0,000   0,000   285,393      
0,67/ 7   16,589   61,765   61,765   59,012   0,459   4,381   40,493   37,331   4,514   10,966   0,000   0,000   0,000   281,795      
0,67/ 8   18,959   70,589   70,589   51,636   0,401   3,834   35,432   32,665   3,950   9,595   0,000   0,000   0,000   284,105      
0,67/ 9   21,329   79,412   79,412   45,898   0,357   3,408   31,495   29,035   3,511   8,529   0,000   0,000   0,000   290,346      
0,67/10   23,698   88,236   88,236   41,309   0,321   3,067   28,345   26,132   3,160   7,676   0,000   0,000   0,000   299,344      
0,67/11   26,068   97,060   97,060   37,553   0,292   2,788   25,769   23,756   2,873   6,978   0,000   0,000   0,000   310,346      
0,67/12   28,438   105,883   105,883   34,424   0,268   2,556   23,621   21,776   2,633   6,397   0,000   0,000   0,000   322,849      
0,67/13   30,808   114,707   114,707   31,776   0,247   2,359   21,804   20,101   2,431   5,905   0,000   0,000   0,000   336,509      
0,67/14   33,178   123,531   123,531   29,506   0,229   2,191   20,247   18,665   2,257   5,483   0,000   0,000   0,000   351,078      
0,67/16   37,918   141,178   141,178   25,818   0,201   1,917   17,716   16,332   1,975   4,797   0,000   0,000   0,000   382,258      
0,63/ 1   2,370   8,268   8,268   387,075   3,211   30,670   283,454   261,316   31,601   76,759   0,000   0,000   0,000   984,632      
0,63/ 2   4,740   16,536   16,536   193,537   1,605   15,335   141,727   130,658   15,800   38,379   0,000   0,000   0,000   520,674      
0,63/ 3   7,110   24,804   24,804   129,025   1,070   10,223   94,485   87,105   10,534   25,586   0,000   0,000   0,000   378,626      
0,63/ 4   9,479   33,072   33,072   96,769   0,803   7,667   70,864   65,329   7,900   19,190   0,000   0,000   0,000   317,055      
0,63/ 5   11,849   41,340   41,340   77,415   0,642   6,134   56,691   52,263   6,320   15,352   0,000   0,000   0,000   287,674      
0,63/ 6   14,219   49,608   49,608   64,512   0,535   5,112   47,242   43,553   5,267   12,793   0,000   0,000   0,000   274,389      
0,63/ 7   16,589   57,876   57,876   55,296   0,459   4,381   40,493   37,331   4,514   10,966   0,000   0,000   0,000   270,301      
0,63/ 8   18,959   66,144   66,144   48,384   0,401   3,834   35,432   32,665   3,950   9,595   0,000   0,000   0,000   271,963      
0,63/ 9   21,329   74,412   74,412   43,008   0,357   3,408   31,495   29,035   3,511   8,529   0,000   0,000   0,000   277,456      
0,63/10   23,698   82,680   82,680   38,707   0,321   3,067   28,345   26,132   3,160   7,676   0,000   0,000   0,000   285,63      
0,63/11   26,068   90,948   90,948   35,189   0,292   2,788   25,769   23,756   2,873   6,978   0,000   0,000   0,000   295,758      
0,63/12   28,438   99,216   99,216   32,256   0,268   2,556   23,621   21,776   2,633   6,397   0,000   0,000   0,000   307,347      
0,63/13   30,808   107,484   107,484   29,775   0,247   2,359   21,804   20,101   2,431   5,905   0,000   0,000   0,000   320,062      
0,63/14   33,178   115,752   115,752   27,648   0,229   2,191   20,247   18,665   2,257   5,483   0,000   0,000   0,000   333,662      
0,63/16   37,918   132,288   132,288   24,192   0,201   1,917   17,716   16,332   1,975   4,797   0,000   0,000   0,000   362,852      
0,75/ 1   2,370   9,922   9,922   464,490   3,211   30,670   283,454   261,316   31,601   76,759   0,000   0,000   0,000   1065,355      
0,75/ 2   4,740   19,843   19,843   232,245   1,605   15,335   141,727   130,658   15,800   38,379   0,000   0,000   0,000   565,996      
0,75/ 3   7,110   29,765   29,765   154,830   1,070   10,223   94,485   87,105   10,534   25,586   0,000   0,000   0,000   414,353      
0,75/ 4   9,479   39,686   39,686   116,122   0,803   7,667   70,864   65,329   7,900   19,190   0,000   0,000   0,000   349,636      
0,75/ 5   11,849   49,608   49,608   92,898   0,642   6,134   56,691   52,263   6,320   15,352   0,000   0,000   0,000   319,693      
0,75/ 6   14,219   59,530   59,530   77,415   0,535   5,112   47,242   43,553   5,267   12,793   0,000   0,000   0,000   307,136      
0,75/ 7   16,589   69,451   69,451   66,356   0,459   4,381   40,493   37,331   4,514   10,966   0,000   0,000   0,000   304,511      
0,75/ 8   18,959   79,373   79,373   58,061   0,401   3,834   35,432   32,665   3,950   9,595   0,000   0,000   0,000   308,098      
0,75/ 9   21,329   89,294   89,294   51,610   0,357   3,408   31,495   29,035   3,511   8,529   0,000   0,000   0,000   315,822      
0,75/10   23,698   99,216   99,216   46,449   0,321   3,067   28,345   26,132   3,160   7,676   0,000   0,000   0,000   326,444      
0,75/11   26,068   109,138   109,138   42,226   0,292   2,788   25,769   23,756   2,873   6,978   0,000   0,000   0,000   339,175      
0,75/12   28,438   119,059   119,059   38,707   0,268   2,556   23,621   21,776   2,633   6,397   0,000   0,000   0,000   353,484      
0,75/13   30,808   128,981   128,981   35,730   0,247   2,359   21,804   20,101   2,431   5,905   0,000   0,000   0,000   369,011      
0,75/14   33,178   138,902   138,902   33,178   0,229   2,191   20,247   18,665   2,257   5,483   0,000   0,000   0,000   385,492      
0,75/16   37,918   158,746   158,746   29,031   0,201   1,917   17,716   16,332   1,975   4,797   0,000   0,000   0,000   420,607      
0,80/ 1   2,370   10,583   10,583   495,456   3,211   30,670   283,454   261,316   31,601   76,759   0,000   0,000   0,000   1097,643      
0,80/ 2   4,740   21,166   21,166   247,728   1,605   15,335   141,727   130,658   15,800   38,379   0,000   0,000   0,000   584,125      
0,80/ 3   7,110   31,749   31,749   165,152   1,070   10,223   94,485   87,105   10,534   25,586   0,000   0,000   0,000   428,643      
0,80/ 4   9,479   42,332   42,332   123,864   0,803   7,667   70,864   65,329   7,900   19,190   0,000   0,000   0,000   362,67      
0,80/ 5   11,849   52,915   52,915   99,091   0,642   6,134   56,691   52,263   6,320   15,352   0,000   0,000   0,000   332,5      
0,80/ 6   14,219   63,498   63,498   82,576   0,535   5,112   47,242   43,553   5,267   12,793   0,000   0,000   0,000   320,233      
0,80/ 7   16,589   74,081   74,081   70,779   0,459   4,381   40,493   37,331   4,514   10,966   0,000   0,000   0,000   318,194      
0,80/ 8   18,959   84,664   84,664   61,932   0,401   3,834   35,432   32,665   3,950   9,595   0,000   0,000   0,000   322,551      
0,80/ 9   21,329   95,247   95,247   55,051   0,357   3,408   31,495   29,035   3,511   8,529   0,000   0,000   0,000   331,169      
0,80/10   23,698   105,830   105,830   49,546   0,321   3,067   28,345   26,132   3,160   7,676   0,000   0,000   0,000   342,769      
0,80/11   26,068   116,413   116,413   45,041   0,292   2,788   25,769   23,756   2,873   6,978   0,000   0,000   0,000   356,54      
0,80/12   28,438   126,996   126,996   41,288   0,268   2,556   23,621   21,776   2,633   6,397   0,000   0,000   0,000   371,939      
0,80/13   30,808   137,580   137,580   38,112   0,247   2,359   21,804   20,101   2,431   5,905   0,000   0,000   0,000   388,591      
0,80/14   33,178   148,163   148,163   35,390   0,229   2,191   20,247   18,665   2,257   5,483   0,000   0,000   0,000   406,226      
0,80/16   37,918   169,329   169,329   30,966   0,201   1,917   17,716   16,332   1,975   4,797   0,000   0,000   0,000   443,708      
                                                
ќптимизационные значени€
ar/ћес€ц   S1   S2   S3   S4   S5   S6   S7   S8   S9   S10   Sдоп1   Sдоп2   Sдоп3   —умма      
0,50/ 8   18,959   52,915   52,915   38,707   0,401   3,834   35,432   32,665   3,950   9,595   0,000   0,000   0,000   235,828      
0,33/ 8   18,959   35,242   35,242   25,779   0,401   3,834   35,432   32,665   3,950   9,595   0,000   0,000   0,000   187,554      
0,25/ 9   21,329   29,765   29,765   17,203   0,357   3,408   31,495   29,035   3,511   8,529   0,000   0,000   0,000   162,357      
0,20/10   23,698   26,458   26,458   12,386   0,321   3,067   28,345   26,132   3,160   7,676   0,000   0,000   0,000   146,865      
0,67/ 7   16,589   61,765   61,765   59,012   0,459   4,381   40,493   37,331   4,514   10,966   0,000   0,000   0,000   281,795      
0,63/ 7   16,589   57,876   57,876   55,296   0,459   4,381   40,493   37,331   4,514   10,966   0,000   0,000   0,000   270,301      
0,75/ 7   16,589   69,451   69,451   66,356   0,459   4,381   40,493   37,331   4,514   10,966   0,000   0,000   0,000   304,511      
0,80/ 7   16,589   74,081   74,081   70,779   0,459   4,381   40,493   37,331   4,514   10,966   0,000   0,000   0,000   318,194      
                                                
–асчет эффективности
ar/ћес€ц   —уп   Ён   Ёос   Ёоб   Ёс   Ёз   Ёq   Ёобщ      
0,50/ 8   32,29   11,53   0,18   0,09   0,04   0,01   5,57   168,24      
0,33/ 9   31,92   11,40   0,18   0,09   0,04   0,01   7,59   207,25      
ƒельта и т.д.
ar/ћес€ц   Smax   —умма   ƒельта Smax-—умма      
0,50/16   406,226   305,098   101,128      
0,33/16   406,226   227,94   178,286      
0,25/16   406,226   189,591   216,635      
0,20/16   406,226   166,489   239,737      
0,67/16   406,226   382,258   23,968      
0,63/16   406,226   362,852   43,374      
0,75/16   406,226   420,607   -14,381      
0,80/16   406,226   443,708   -37,482      
               
