–езультаты расчета
ar/ћес€ц   S1   S2   S3   S4   S5   S6   S7   S8   S9   S10   Sдоп1   Sдоп2   Sдоп3   —умма      
0,50/ 1   2,370   4,410   4,410   309,660   3,211   30,670   283,454   261,316   31,601   76,759   0,000   0,000   0,000   899,501      
0,50/ 2   4,740   8,819   8,819   154,830   1,605   15,335   141,727   130,658   15,800   38,379   0,000   0,000   0,000   466,533      
0,50/ 3   7,110   13,229   13,229   103,220   1,070   10,223   94,485   87,105   10,534   25,586   0,000   0,000   0,000   329,671      
0,50/ 4   9,479   17,638   17,638   77,415   0,803   7,667   70,864   65,329   7,900   19,190   0,000   0,000   0,000   266,833      
0,50/ 5   11,849   22,048   22,048   61,932   0,642   6,134   56,691   52,263   6,320   15,352   0,000   0,000   0,000   233,607      
0,50/ 6   14,219   26,458   26,458   51,610   0,535   5,112   47,242   43,553   5,267   12,793   0,000   0,000   0,000   215,187      
0,50/ 7   16,589   30,867   30,867   44,237   0,459   4,381   40,493   37,331   4,514   10,966   0,000   0,000   0,000   205,224      
0,50/ 8   18,959   35,277   35,277   38,707   0,401   3,834   35,432   32,665   3,950   9,595   0,000   0,000   0,000   200,552      
0,50/ 9   21,329   39,686   39,686   34,407   0,357   3,408   31,495   29,035   3,511   8,529   0,000   0,000   0,000   199,403      
0,50/10   23,698   44,096   44,096   30,966   0,321   3,067   28,345   26,132   3,160   7,676   0,000   0,000   0,000   200,721      
0,50/11   26,068   48,506   48,506   28,151   0,292   2,788   25,769   23,756   2,873   6,978   0,000   0,000   0,000   203,836      
0,50/12   28,438   52,915   52,915   25,805   0,268   2,556   23,621   21,776   2,633   6,397   0,000   0,000   0,000   208,294      
0,50/13   30,808   57,325   57,325   23,820   0,247   2,359   21,804   20,101   2,431   5,905   0,000   0,000   0,000   213,789      
0,50/14   33,178   61,734   61,734   22,119   0,229   2,191   20,247   18,665   2,257   5,483   0,000   0,000   0,000   220,097      
0,50/16   37,918   70,554   70,554   19,354   0,201   1,917   17,716   16,332   1,975   4,797   0,000   0,000   0,000   234,546      
0,33/ 1   2,370   2,937   2,937   206,233   3,211   30,670   283,454   261,316   31,601   76,759   0,000   0,000   0,000   793,128      
0,33/ 2   4,740   5,874   5,874   103,117   1,605   15,335   141,727   130,658   15,800   38,379   0,000   0,000   0,000   408,93      
0,33/ 3   7,110   8,810   8,810   68,744   1,070   10,223   94,485   87,105   10,534   25,586   0,000   0,000   0,000   286,357      
0,33/ 4   9,479   11,747   11,747   51,558   0,803   7,667   70,864   65,329   7,900   19,190   0,000   0,000   0,000   229,194      
0,33/ 5   11,849   14,684   14,684   41,247   0,642   6,134   56,691   52,263   6,320   15,352   0,000   0,000   0,000   198,194      
0,33/ 6   14,219   17,621   17,621   34,372   0,535   5,112   47,242   43,553   5,267   12,793   0,000   0,000   0,000   180,275      
0,33/ 7   16,589   20,558   20,558   29,462   0,459   4,381   40,493   37,331   4,514   10,966   0,000   0,000   0,000   169,831      
0,33/ 8   18,959   23,494   23,494   25,779   0,401   3,834   35,432   32,665   3,950   9,595   0,000   0,000   0,000   164,058      
0,33/ 9   21,329   26,431   26,431   22,915   0,357   3,408   31,495   29,035   3,511   8,529   0,000   0,000   0,000   161,401      
0,33/10   23,698   29,368   29,368   20,623   0,321   3,067   28,345   26,132   3,160   7,676   0,000   0,000   0,000   160,922      
0,33/11   26,068   32,305   32,305   18,748   0,292   2,788   25,769   23,756   2,873   6,978   0,000   0,000   0,000   162,031      
0,33/12   28,438   35,242   35,242   17,186   0,268   2,556   23,621   21,776   2,633   6,397   0,000   0,000   0,000   164,329      
0,33/13   30,808   38,178   38,178   15,864   0,247   2,359   21,804   20,101   2,431   5,905   0,000   0,000   0,000   167,539      
0,33/14   33,178   41,115   41,115   14,731   0,229   2,191   20,247   18,665   2,257   5,483   0,000   0,000   0,000   171,471      
0,33/16   37,918   46,989   46,989   12,890   0,201   1,917   17,716   16,332   1,975   4,797   0,000   0,000   0,000   180,952      
0,25/ 1   2,370   2,205   2,205   154,830   3,211   30,670   283,454   261,316   31,601   76,759   0,000   0,000   0,000   740,261      
0,25/ 2   4,740   4,410   4,410   77,415   1,605   15,335   141,727   130,658   15,800   38,379   0,000   0,000   0,000   380,3      
0,25/ 3   7,110   6,614   6,614   51,610   1,070   10,223   94,485   87,105   10,534   25,586   0,000   0,000   0,000   264,831      
0,25/ 4   9,479   8,819   8,819   38,707   0,803   7,667   70,864   65,329   7,900   19,190   0,000   0,000   0,000   210,487      
0,25/ 5   11,849   11,024   11,024   30,966   0,642   6,134   56,691   52,263   6,320   15,352   0,000   0,000   0,000   180,593      
0,25/ 6   14,219   13,229   13,229   25,805   0,535   5,112   47,242   43,553   5,267   12,793   0,000   0,000   0,000   162,924      
0,25/ 7   16,589   15,434   15,434   22,119   0,459   4,381   40,493   37,331   4,514   10,966   0,000   0,000   0,000   152,24      
0,25/ 8   18,959   17,638   17,638   19,354   0,401   3,834   35,432   32,665   3,950   9,595   0,000   0,000   0,000   145,921      
0,25/ 9   21,329   19,843   19,843   17,203   0,357   3,408   31,495   29,035   3,511   8,529   0,000   0,000   0,000   142,513      
0,25/10   23,698   22,048   22,048   15,483   0,321   3,067   28,345   26,132   3,160   7,676   0,000   0,000   0,000   141,142      
0,25/11   26,068   24,253   24,253   14,075   0,292   2,788   25,769   23,756   2,873   6,978   0,000   0,000   0,000   141,254      
0,25/12   28,438   26,458   26,458   12,902   0,268   2,556   23,621   21,776   2,633   6,397   0,000   0,000   0,000   142,477      
0,25/13   30,808   28,662   28,662   11,910   0,247   2,359   21,804   20,101   2,431   5,905   0,000   0,000   0,000   144,553      
0,25/14   33,178   30,867   30,867   11,059   0,229   2,191   20,247   18,665   2,257   5,483   0,000   0,000   0,000   147,303      
0,25/16   37,918   35,277   35,277   9,677   0,201   1,917   17,716   16,332   1,975   4,797   0,000   0,000   0,000   154,315      
0,20/ 1   2,370   1,764   1,764   123,864   3,211   30,670   283,454   261,316   31,601   76,759   0,000   0,000   0,000   708,413      
0,20/ 2   4,740   3,528   3,528   61,932   1,605   15,335   141,727   130,658   15,800   38,379   0,000   0,000   0,000   363,053      
0,20/ 3   7,110   5,292   5,292   41,288   1,070   10,223   94,485   87,105   10,534   25,586   0,000   0,000   0,000   251,865      
0,20/ 4   9,479   7,055   7,055   30,966   0,803   7,667   70,864   65,329   7,900   19,190   0,000   0,000   0,000   199,218      
0,20/ 5   11,849   8,819   8,819   24,773   0,642   6,134   56,691   52,263   6,320   15,352   0,000   0,000   0,000   169,99      
0,20/ 6   14,219   10,583   10,583   20,644   0,535   5,112   47,242   43,553   5,267   12,793   0,000   0,000   0,000   152,471      
0,20/ 7   16,589   12,347   12,347   17,695   0,459   4,381   40,493   37,331   4,514   10,966   0,000   0,000   0,000   141,642      
0,20/ 8   18,959   14,111   14,111   15,483   0,401   3,834   35,432   32,665   3,950   9,595   0,000   0,000   0,000   134,996      
0,20/ 9   21,329   15,875   15,875   13,763   0,357   3,408   31,495   29,035   3,511   8,529   0,000   0,000   0,000   131,137      
0,20/10   23,698   17,638   17,638   12,386   0,321   3,067   28,345   26,132   3,160   7,676   0,000   0,000   0,000   129,225      
0,20/11   26,068   19,402   19,402   11,260   0,292   2,788   25,769   23,756   2,873   6,978   0,000   0,000   0,000   128,737      
0,20/12   28,438   21,166   21,166   10,322   0,268   2,556   23,621   21,776   2,633   6,397   0,000   0,000   0,000   129,313      
0,20/13   30,808   22,930   22,930   9,528   0,247   2,359   21,804   20,101   2,431   5,905   0,000   0,000   0,000   130,707      
0,20/14   33,178   24,694   24,694   8,847   0,229   2,191   20,247   18,665   2,257   5,483   0,000   0,000   0,000   132,745      
0,20/16   37,918   28,221   28,221   7,741   0,201   1,917   17,716   16,332   1,975   4,797   0,000   0,000   0,000   138,267      
0,67/ 1   2,370   5,882   5,882   413,086   3,211   30,670   283,454   261,316   31,601   76,759   0,000   0,000   0,000   1005,871      
0,67/ 2   4,740   11,765   11,765   206,543   1,605   15,335   141,727   130,658   15,800   38,379   0,000   0,000   0,000   524,138      
0,67/ 3   7,110   17,647   17,647   137,695   1,070   10,223   94,485   87,105   10,534   25,586   0,000   0,000   0,000   372,982      
0,67/ 4   9,479   23,530   23,530   103,272   0,803   7,667   70,864   65,329   7,900   19,190   0,000   0,000   0,000   304,474      
0,67/ 5   11,849   29,412   29,412   82,617   0,642   6,134   56,691   52,263   6,320   15,352   0,000   0,000   0,000   269,02      
0,67/ 6   14,219   35,294   35,294   68,848   0,535   5,112   47,242   43,553   5,267   12,793   0,000   0,000   0,000   250,097      
0,67/ 7   16,589   41,177   41,177   59,012   0,459   4,381   40,493   37,331   4,514   10,966   0,000   0,000   0,000   240,619      
0,67/ 8   18,959   47,059   47,059   51,636   0,401   3,834   35,432   32,665   3,950   9,595   0,000   0,000   0,000   237,045      
0,67/ 9   21,329   52,942   52,942   45,898   0,357   3,408   31,495   29,035   3,511   8,529   0,000   0,000   0,000   237,406      
0,67/10   23,698   58,824   58,824   41,309   0,321   3,067   28,345   26,132   3,160   7,676   0,000   0,000   0,000   240,52      
0,67/11   26,068   64,706   64,706   37,553   0,292   2,788   25,769   23,756   2,873   6,978   0,000   0,000   0,000   245,638      
0,67/12   28,438   70,589   70,589   34,424   0,268   2,556   23,621   21,776   2,633   6,397   0,000   0,000   0,000   252,261      
0,67/13   30,808   76,471   76,471   31,776   0,247   2,359   21,804   20,101   2,431   5,905   0,000   0,000   0,000   260,037      
0,67/14   33,178   82,354   82,354   29,506   0,229   2,191   20,247   18,665   2,257   5,483   0,000   0,000   0,000   268,724      
0,67/16   37,918   94,119   94,119   25,818   0,201   1,917   17,716   16,332   1,975   4,797   0,000   0,000   0,000   288,14      
0,63/ 1   2,370   5,512   5,512   387,075   3,211   30,670   283,454   261,316   31,601   76,759   0,000   0,000   0,000   979,12      
0,63/ 2   4,740   11,024   11,024   193,537   1,605   15,335   141,727   130,658   15,800   38,379   0,000   0,000   0,000   509,65      
0,63/ 3   7,110   16,536   16,536   129,025   1,070   10,223   94,485   87,105   10,534   25,586   0,000   0,000   0,000   362,09      
0,63/ 4   9,479   22,048   22,048   96,769   0,803   7,667   70,864   65,329   7,900   19,190   0,000   0,000   0,000   295,007      
0,63/ 5   11,849   27,560   27,560   77,415   0,642   6,134   56,691   52,263   6,320   15,352   0,000   0,000   0,000   260,114      
0,63/ 6   14,219   33,072   33,072   64,512   0,535   5,112   47,242   43,553   5,267   12,793   0,000   0,000   0,000   241,317      
0,63/ 7   16,589   38,584   38,584   55,296   0,459   4,381   40,493   37,331   4,514   10,966   0,000   0,000   0,000   231,717      
0,63/ 8   18,959   44,096   44,096   48,384   0,401   3,834   35,432   32,665   3,950   9,595   0,000   0,000   0,000   227,867      
0,63/ 9   21,329   49,608   49,608   43,008   0,357   3,408   31,495   29,035   3,511   8,529   0,000   0,000   0,000   227,848      
0,63/10   23,698   55,120   55,120   38,707   0,321   3,067   28,345   26,132   3,160   7,676   0,000   0,000   0,000   230,51      
0,63/11   26,068   60,632   60,632   35,189   0,292   2,788   25,769   23,756   2,873   6,978   0,000   0,000   0,000   235,126      
0,63/12   28,438   66,144   66,144   32,256   0,268   2,556   23,621   21,776   2,633   6,397   0,000   0,000   0,000   241,203      
0,63/13   30,808   71,656   71,656   29,775   0,247   2,359   21,804   20,101   2,431   5,905   0,000   0,000   0,000   248,406      
0,63/14   33,178   77,168   77,168   27,648   0,229   2,191   20,247   18,665   2,257   5,483   0,000   0,000   0,000   256,494      
0,63/16   37,918   88,192   88,192   24,192   0,201   1,917   17,716   16,332   1,975   4,797   0,000   0,000   0,000   274,66      
0,75/ 1   2,370   6,614   6,614   464,490   3,211   30,670   283,454   261,316   31,601   76,759   0,000   0,000   0,000   1058,739      
0,75/ 2   4,740   13,229   13,229   232,245   1,605   15,335   141,727   130,658   15,800   38,379   0,000   0,000   0,000   552,768      
0,75/ 3   7,110   19,843   19,843   154,830   1,070   10,223   94,485   87,105   10,534   25,586   0,000   0,000   0,000   394,509      
0,75/ 4   9,479   26,458   26,458   116,122   0,803   7,667   70,864   65,329   7,900   19,190   0,000   0,000   0,000   323,18      
0,75/ 5   11,849   33,072   33,072   92,898   0,642   6,134   56,691   52,263   6,320   15,352   0,000   0,000   0,000   286,621      
0,75/ 6   14,219   39,686   39,686   77,415   0,535   5,112   47,242   43,553   5,267   12,793   0,000   0,000   0,000   267,448      
0,75/ 7   16,589   46,301   46,301   66,356   0,459   4,381   40,493   37,331   4,514   10,966   0,000   0,000   0,000   258,211      
0,75/ 8   18,959   52,915   52,915   58,061   0,401   3,834   35,432   32,665   3,950   9,595   0,000   0,000   0,000   255,182      
0,75/ 9   21,329   59,530   59,530   51,610   0,357   3,408   31,495   29,035   3,511   8,529   0,000   0,000   0,000   256,294      
0,75/10   23,698   66,144   66,144   46,449   0,321   3,067   28,345   26,132   3,160   7,676   0,000   0,000   0,000   260,3      
0,75/11   26,068   72,758   72,758   42,226   0,292   2,788   25,769   23,756   2,873   6,978   0,000   0,000   0,000   266,415      
0,75/12   28,438   79,373   79,373   38,707   0,268   2,556   23,621   21,776   2,633   6,397   0,000   0,000   0,000   274,112      
0,75/13   30,808   85,987   85,987   35,730   0,247   2,359   21,804   20,101   2,431   5,905   0,000   0,000   0,000   283,023      
0,75/14   33,178   92,602   92,602   33,178   0,229   2,191   20,247   18,665   2,257   5,483   0,000   0,000   0,000   292,892      
0,75/16   37,918   105,830   105,830   29,031   0,201   1,917   17,716   16,332   1,975   4,797   0,000   0,000   0,000   314,775      
0,80/ 1   2,370   7,055   7,055   495,456   3,211   30,670   283,454   261,316   31,601   76,759   0,000   0,000   0,000   1090,587      
0,80/ 2   4,740   14,111   14,111   247,728   1,605   15,335   141,727   130,658   15,800   38,379   0,000   0,000   0,000   570,015      
0,80/ 3   7,110   21,166   21,166   165,152   1,070   10,223   94,485   87,105   10,534   25,586   0,000   0,000   0,000   407,477      
0,80/ 4   9,479   28,221   28,221   123,864   0,803   7,667   70,864   65,329   7,900   19,190   0,000   0,000   0,000   334,448      
0,80/ 5   11,849   35,277   35,277   99,091   0,642   6,134   56,691   52,263   6,320   15,352   0,000   0,000   0,000   297,224      
0,80/ 6   14,219   42,332   42,332   82,576   0,535   5,112   47,242   43,553   5,267   12,793   0,000   0,000   0,000   277,901      
0,80/ 7   16,589   49,388   49,388   70,779   0,459   4,381   40,493   37,331   4,514   10,966   0,000   0,000   0,000   268,808      
0,80/ 8   18,959   56,443   56,443   61,932   0,401   3,834   35,432   32,665   3,950   9,595   0,000   0,000   0,000   266,109      
0,80/ 9   21,329   63,498   63,498   55,051   0,357   3,408   31,495   29,035   3,511   8,529   0,000   0,000   0,000   267,671      
0,80/10   23,698   70,554   70,554   49,546   0,321   3,067   28,345   26,132   3,160   7,676   0,000   0,000   0,000   272,217      
0,80/11   26,068   77,609   77,609   45,041   0,292   2,788   25,769   23,756   2,873   6,978   0,000   0,000   0,000   278,932      
0,80/12   28,438   84,664   84,664   41,288   0,268   2,556   23,621   21,776   2,633   6,397   0,000   0,000   0,000   287,275      
0,80/13   30,808   91,720   91,720   38,112   0,247   2,359   21,804   20,101   2,431   5,905   0,000   0,000   0,000   296,871      
0,80/14   33,178   98,775   98,775   35,390   0,229   2,191   20,247   18,665   2,257   5,483   0,000   0,000   0,000   307,45      
0,80/16   37,918   112,886   112,886   30,966   0,201   1,917   17,716   16,332   1,975   4,797   0,000   0,000   0,000   330,822      
                                                
ќптимизационные значени€
ar/ћес€ц   S1   S2   S3   S4   S5   S6   S7   S8   S9   S10   Sдоп1   Sдоп2   Sдоп3   —умма      
0,50/ 9   21,329   39,686   39,686   34,407   0,357   3,408   31,495   29,035   3,511   8,529   0,000   0,000   0,000   199,403      
0,33/10   23,698   29,368   29,368   20,623   0,321   3,067   28,345   26,132   3,160   7,676   0,000   0,000   0,000   160,922      
0,25/10   23,698   22,048   22,048   15,483   0,321   3,067   28,345   26,132   3,160   7,676   0,000   0,000   0,000   141,142      
0,20/11   26,068   19,402   19,402   11,260   0,292   2,788   25,769   23,756   2,873   6,978   0,000   0,000   0,000   128,737      
0,67/ 8   18,959   47,059   47,059   51,636   0,401   3,834   35,432   32,665   3,950   9,595   0,000   0,000   0,000   237,045      
0,63/ 9   21,329   49,608   49,608   43,008   0,357   3,408   31,495   29,035   3,511   8,529   0,000   0,000   0,000   227,848      
0,75/ 8   18,959   52,915   52,915   58,061   0,401   3,834   35,432   32,665   3,950   9,595   0,000   0,000   0,000   255,182      
0,80/ 8   18,959   56,443   56,443   61,932   0,401   3,834   35,432   32,665   3,950   9,595   0,000   0,000   0,000   266,109      
                                                
–асчет эффективности
ar/ћес€ц   —уп   Ён   Ёос   Ёоб   Ёс   Ёз   Ёq   Ёобщ      
0,50/ 9   22,25   6,36   0,10   0,05   0,02   0,00   5,57   146,89      
0,33/ 9   31,92   11,40   0,18   0,09   0,04   0,01   7,59   207,25      
ƒельта и т.д.
ar/ћес€ц   Smax   —умма   ƒельта Smax-—умма      
0,50/16   307,45   234,546   72,904      
0,33/16   307,45   180,952   126,498      
0,25/16   307,45   154,315   153,135      
0,20/16   307,45   138,267   169,183      
0,67/16   307,45   288,14   19,310      
0,63/16   307,45   274,66   32,790      
0,75/16   307,45   314,775   -7,325      
0,80/16   307,45   330,822   -23,372      
               
