–езультаты расчета
ar/ћес€ц   S1   S2   S3   S4   S5   S6   S7   S8   S9   S10   Sдоп1   Sдоп2   Sдоп3   —умма      
0,50/ 1   2,370   3,307   3,307   309,660   3,211   30,670   283,454   261,316   31,601   76,759   0,000   0,000   0,000   897,295      
0,50/ 2   4,740   6,614   6,614   154,830   1,605   15,335   141,727   130,658   15,800   38,379   0,000   0,000   0,000   462,123      
0,50/ 3   7,110   9,922   9,922   103,220   1,070   10,223   94,485   87,105   10,534   25,586   0,000   0,000   0,000   323,057      
0,50/ 4   9,479   13,229   13,229   77,415   0,803   7,667   70,864   65,329   7,900   19,190   0,000   0,000   0,000   258,015      
0,50/ 5   11,849   16,536   16,536   61,932   0,642   6,134   56,691   52,263   6,320   15,352   0,000   0,000   0,000   222,583      
0,50/ 6   14,219   19,843   19,843   51,610   0,535   5,112   47,242   43,553   5,267   12,793   0,000   0,000   0,000   201,957      
0,50/ 7   16,589   23,150   23,150   44,237   0,459   4,381   40,493   37,331   4,514   10,966   0,000   0,000   0,000   189,79      
0,50/ 8   18,959   26,458   26,458   38,707   0,401   3,834   35,432   32,665   3,950   9,595   0,000   0,000   0,000   182,914      
0,50/ 9   21,329   29,765   29,765   34,407   0,357   3,408   31,495   29,035   3,511   8,529   0,000   0,000   0,000   179,561      
0,50/10   23,698   33,072   33,072   30,966   0,321   3,067   28,345   26,132   3,160   7,676   0,000   0,000   0,000   178,673      
0,50/11   26,068   36,379   36,379   28,151   0,292   2,788   25,769   23,756   2,873   6,978   0,000   0,000   0,000   179,582      
0,50/12   28,438   39,686   39,686   25,805   0,268   2,556   23,621   21,776   2,633   6,397   0,000   0,000   0,000   181,836      
0,50/13   30,808   42,994   42,994   23,820   0,247   2,359   21,804   20,101   2,431   5,905   0,000   0,000   0,000   185,127      
0,50/14   33,178   46,301   46,301   22,119   0,229   2,191   20,247   18,665   2,257   5,483   0,000   0,000   0,000   189,231      
0,50/16   37,918   52,915   52,915   19,354   0,201   1,917   17,716   16,332   1,975   4,797   0,000   0,000   0,000   199,268      
0,33/ 1   2,370   2,203   2,203   206,233   3,211   30,670   283,454   261,316   31,601   76,759   0,000   0,000   0,000   791,66      
0,33/ 2   4,740   4,405   4,405   103,117   1,605   15,335   141,727   130,658   15,800   38,379   0,000   0,000   0,000   405,992      
0,33/ 3   7,110   6,608   6,608   68,744   1,070   10,223   94,485   87,105   10,534   25,586   0,000   0,000   0,000   281,953      
0,33/ 4   9,479   8,810   8,810   51,558   0,803   7,667   70,864   65,329   7,900   19,190   0,000   0,000   0,000   223,32      
0,33/ 5   11,849   11,013   11,013   41,247   0,642   6,134   56,691   52,263   6,320   15,352   0,000   0,000   0,000   190,852      
0,33/ 6   14,219   13,216   13,216   34,372   0,535   5,112   47,242   43,553   5,267   12,793   0,000   0,000   0,000   171,465      
0,33/ 7   16,589   15,418   15,418   29,462   0,459   4,381   40,493   37,331   4,514   10,966   0,000   0,000   0,000   159,551      
0,33/ 8   18,959   17,621   17,621   25,779   0,401   3,834   35,432   32,665   3,950   9,595   0,000   0,000   0,000   152,312      
0,33/ 9   21,329   19,823   19,823   22,915   0,357   3,408   31,495   29,035   3,511   8,529   0,000   0,000   0,000   148,185      
0,33/10   23,698   22,026   22,026   20,623   0,321   3,067   28,345   26,132   3,160   7,676   0,000   0,000   0,000   146,238      
0,33/11   26,068   24,229   24,229   18,748   0,292   2,788   25,769   23,756   2,873   6,978   0,000   0,000   0,000   145,879      
0,33/12   28,438   26,431   26,431   17,186   0,268   2,556   23,621   21,776   2,633   6,397   0,000   0,000   0,000   146,707      
0,33/13   30,808   28,634   28,634   15,864   0,247   2,359   21,804   20,101   2,431   5,905   0,000   0,000   0,000   148,451      
0,33/14   33,178   30,836   30,836   14,731   0,229   2,191   20,247   18,665   2,257   5,483   0,000   0,000   0,000   150,913      
0,33/16   37,918   35,242   35,242   12,890   0,201   1,917   17,716   16,332   1,975   4,797   0,000   0,000   0,000   157,458      
0,25/ 1   2,370   1,654   1,654   154,830   3,211   30,670   283,454   261,316   31,601   76,759   0,000   0,000   0,000   739,159      
0,25/ 2   4,740   3,307   3,307   77,415   1,605   15,335   141,727   130,658   15,800   38,379   0,000   0,000   0,000   378,094      
0,25/ 3   7,110   4,961   4,961   51,610   1,070   10,223   94,485   87,105   10,534   25,586   0,000   0,000   0,000   261,525      
0,25/ 4   9,479   6,614   6,614   38,707   0,803   7,667   70,864   65,329   7,900   19,190   0,000   0,000   0,000   206,077      
0,25/ 5   11,849   8,268   8,268   30,966   0,642   6,134   56,691   52,263   6,320   15,352   0,000   0,000   0,000   175,081      
0,25/ 6   14,219   9,922   9,922   25,805   0,535   5,112   47,242   43,553   5,267   12,793   0,000   0,000   0,000   156,31      
0,25/ 7   16,589   11,575   11,575   22,119   0,459   4,381   40,493   37,331   4,514   10,966   0,000   0,000   0,000   144,522      
0,25/ 8   18,959   13,229   13,229   19,354   0,401   3,834   35,432   32,665   3,950   9,595   0,000   0,000   0,000   137,103      
0,25/ 9   21,329   14,882   14,882   17,203   0,357   3,408   31,495   29,035   3,511   8,529   0,000   0,000   0,000   132,591      
0,25/10   23,698   16,536   16,536   15,483   0,321   3,067   28,345   26,132   3,160   7,676   0,000   0,000   0,000   130,118      
0,25/11   26,068   18,190   18,190   14,075   0,292   2,788   25,769   23,756   2,873   6,978   0,000   0,000   0,000   129,128      
0,25/12   28,438   19,843   19,843   12,902   0,268   2,556   23,621   21,776   2,633   6,397   0,000   0,000   0,000   129,247      
0,25/13   30,808   21,497   21,497   11,910   0,247   2,359   21,804   20,101   2,431   5,905   0,000   0,000   0,000   130,223      
0,25/14   33,178   23,150   23,150   11,059   0,229   2,191   20,247   18,665   2,257   5,483   0,000   0,000   0,000   131,869      
0,25/16   37,918   26,458   26,458   9,677   0,201   1,917   17,716   16,332   1,975   4,797   0,000   0,000   0,000   136,677      
0,20/ 1   2,370   1,323   1,323   123,864   3,211   30,670   283,454   261,316   31,601   76,759   0,000   0,000   0,000   707,531      
0,20/ 2   4,740   2,646   2,646   61,932   1,605   15,335   141,727   130,658   15,800   38,379   0,000   0,000   0,000   361,289      
0,20/ 3   7,110   3,969   3,969   41,288   1,070   10,223   94,485   87,105   10,534   25,586   0,000   0,000   0,000   249,219      
0,20/ 4   9,479   5,292   5,292   30,966   0,803   7,667   70,864   65,329   7,900   19,190   0,000   0,000   0,000   195,692      
0,20/ 5   11,849   6,614   6,614   24,773   0,642   6,134   56,691   52,263   6,320   15,352   0,000   0,000   0,000   165,58      
0,20/ 6   14,219   7,937   7,937   20,644   0,535   5,112   47,242   43,553   5,267   12,793   0,000   0,000   0,000   147,179      
0,20/ 7   16,589   9,260   9,260   17,695   0,459   4,381   40,493   37,331   4,514   10,966   0,000   0,000   0,000   135,468      
0,20/ 8   18,959   10,583   10,583   15,483   0,401   3,834   35,432   32,665   3,950   9,595   0,000   0,000   0,000   127,94      
0,20/ 9   21,329   11,906   11,906   13,763   0,357   3,408   31,495   29,035   3,511   8,529   0,000   0,000   0,000   123,199      
0,20/10   23,698   13,229   13,229   12,386   0,321   3,067   28,345   26,132   3,160   7,676   0,000   0,000   0,000   120,407      
0,20/11   26,068   14,552   14,552   11,260   0,292   2,788   25,769   23,756   2,873   6,978   0,000   0,000   0,000   119,037      
0,20/12   28,438   15,875   15,875   10,322   0,268   2,556   23,621   21,776   2,633   6,397   0,000   0,000   0,000   118,731      
0,20/13   30,808   17,197   17,197   9,528   0,247   2,359   21,804   20,101   2,431   5,905   0,000   0,000   0,000   119,241      
0,20/14   33,178   18,520   18,520   8,847   0,229   2,191   20,247   18,665   2,257   5,483   0,000   0,000   0,000   120,397      
0,20/16   37,918   21,166   21,166   7,741   0,201   1,917   17,716   16,332   1,975   4,797   0,000   0,000   0,000   124,157      
0,67/ 1   2,370   4,412   4,412   413,086   3,211   30,670   283,454   261,316   31,601   76,759   0,000   0,000   0,000   1002,931      
0,67/ 2   4,740   8,824   8,824   206,543   1,605   15,335   141,727   130,658   15,800   38,379   0,000   0,000   0,000   518,256      
0,67/ 3   7,110   13,235   13,235   137,695   1,070   10,223   94,485   87,105   10,534   25,586   0,000   0,000   0,000   364,158      
0,67/ 4   9,479   17,647   17,647   103,272   0,803   7,667   70,864   65,329   7,900   19,190   0,000   0,000   0,000   292,708      
0,67/ 5   11,849   22,059   22,059   82,617   0,642   6,134   56,691   52,263   6,320   15,352   0,000   0,000   0,000   254,314      
0,67/ 6   14,219   26,471   26,471   68,848   0,535   5,112   47,242   43,553   5,267   12,793   0,000   0,000   0,000   232,451      
0,67/ 7   16,589   30,883   30,883   59,012   0,459   4,381   40,493   37,331   4,514   10,966   0,000   0,000   0,000   220,031      
0,67/ 8   18,959   35,294   35,294   51,636   0,401   3,834   35,432   32,665   3,950   9,595   0,000   0,000   0,000   213,515      
0,67/ 9   21,329   39,706   39,706   45,898   0,357   3,408   31,495   29,035   3,511   8,529   0,000   0,000   0,000   210,934      
0,67/10   23,698   44,118   44,118   41,309   0,321   3,067   28,345   26,132   3,160   7,676   0,000   0,000   0,000   211,108      
0,67/11   26,068   48,530   48,530   37,553   0,292   2,788   25,769   23,756   2,873   6,978   0,000   0,000   0,000   213,286      
0,67/12   28,438   52,942   52,942   34,424   0,268   2,556   23,621   21,776   2,633   6,397   0,000   0,000   0,000   216,967      
0,67/13   30,808   57,353   57,353   31,776   0,247   2,359   21,804   20,101   2,431   5,905   0,000   0,000   0,000   221,801      
0,67/14   33,178   61,765   61,765   29,506   0,229   2,191   20,247   18,665   2,257   5,483   0,000   0,000   0,000   227,546      
0,67/16   37,918   70,589   70,589   25,818   0,201   1,917   17,716   16,332   1,975   4,797   0,000   0,000   0,000   241,08      
0,63/ 1   2,370   4,134   4,134   387,075   3,211   30,670   283,454   261,316   31,601   76,759   0,000   0,000   0,000   976,364      
0,63/ 2   4,740   8,268   8,268   193,537   1,605   15,335   141,727   130,658   15,800   38,379   0,000   0,000   0,000   504,138      
0,63/ 3   7,110   12,402   12,402   129,025   1,070   10,223   94,485   87,105   10,534   25,586   0,000   0,000   0,000   353,822      
0,63/ 4   9,479   16,536   16,536   96,769   0,803   7,667   70,864   65,329   7,900   19,190   0,000   0,000   0,000   283,983      
0,63/ 5   11,849   20,670   20,670   77,415   0,642   6,134   56,691   52,263   6,320   15,352   0,000   0,000   0,000   246,334      
0,63/ 6   14,219   24,804   24,804   64,512   0,535   5,112   47,242   43,553   5,267   12,793   0,000   0,000   0,000   224,781      
0,63/ 7   16,589   28,938   28,938   55,296   0,459   4,381   40,493   37,331   4,514   10,966   0,000   0,000   0,000   212,425      
0,63/ 8   18,959   33,072   33,072   48,384   0,401   3,834   35,432   32,665   3,950   9,595   0,000   0,000   0,000   205,819      
0,63/ 9   21,329   37,206   37,206   43,008   0,357   3,408   31,495   29,035   3,511   8,529   0,000   0,000   0,000   203,044      
0,63/10   23,698   41,340   41,340   38,707   0,321   3,067   28,345   26,132   3,160   7,676   0,000   0,000   0,000   202,95      
0,63/11   26,068   45,474   45,474   35,189   0,292   2,788   25,769   23,756   2,873   6,978   0,000   0,000   0,000   204,81      
0,63/12   28,438   49,608   49,608   32,256   0,268   2,556   23,621   21,776   2,633   6,397   0,000   0,000   0,000   208,131      
0,63/13   30,808   53,742   53,742   29,775   0,247   2,359   21,804   20,101   2,431   5,905   0,000   0,000   0,000   212,578      
0,63/14   33,178   57,876   57,876   27,648   0,229   2,191   20,247   18,665   2,257   5,483   0,000   0,000   0,000   217,91      
0,63/16   37,918   66,144   66,144   24,192   0,201   1,917   17,716   16,332   1,975   4,797   0,000   0,000   0,000   230,564      
0,75/ 1   2,370   4,961   4,961   464,490   3,211   30,670   283,454   261,316   31,601   76,759   0,000   0,000   0,000   1055,433      
0,75/ 2   4,740   9,922   9,922   232,245   1,605   15,335   141,727   130,658   15,800   38,379   0,000   0,000   0,000   546,154      
0,75/ 3   7,110   14,882   14,882   154,830   1,070   10,223   94,485   87,105   10,534   25,586   0,000   0,000   0,000   384,587      
0,75/ 4   9,479   19,843   19,843   116,122   0,803   7,667   70,864   65,329   7,900   19,190   0,000   0,000   0,000   309,95      
0,75/ 5   11,849   24,804   24,804   92,898   0,642   6,134   56,691   52,263   6,320   15,352   0,000   0,000   0,000   270,085      
0,75/ 6   14,219   29,765   29,765   77,415   0,535   5,112   47,242   43,553   5,267   12,793   0,000   0,000   0,000   247,606      
0,75/ 7   16,589   34,726   34,726   66,356   0,459   4,381   40,493   37,331   4,514   10,966   0,000   0,000   0,000   235,061      
0,75/ 8   18,959   39,686   39,686   58,061   0,401   3,834   35,432   32,665   3,950   9,595   0,000   0,000   0,000   228,724      
0,75/ 9   21,329   44,647   44,647   51,610   0,357   3,408   31,495   29,035   3,511   8,529   0,000   0,000   0,000   226,528      
0,75/10   23,698   49,608   49,608   46,449   0,321   3,067   28,345   26,132   3,160   7,676   0,000   0,000   0,000   227,228      
0,75/11   26,068   54,569   54,569   42,226   0,292   2,788   25,769   23,756   2,873   6,978   0,000   0,000   0,000   230,037      
0,75/12   28,438   59,530   59,530   38,707   0,268   2,556   23,621   21,776   2,633   6,397   0,000   0,000   0,000   234,426      
0,75/13   30,808   64,490   64,490   35,730   0,247   2,359   21,804   20,101   2,431   5,905   0,000   0,000   0,000   240,029      
0,75/14   33,178   69,451   69,451   33,178   0,229   2,191   20,247   18,665   2,257   5,483   0,000   0,000   0,000   246,59      
0,75/16   37,918   79,373   79,373   29,031   0,201   1,917   17,716   16,332   1,975   4,797   0,000   0,000   0,000   261,861      
0,80/ 1   2,370   5,292   5,292   495,456   3,211   30,670   283,454   261,316   31,601   76,759   0,000   0,000   0,000   1087,061      
0,80/ 2   4,740   10,583   10,583   247,728   1,605   15,335   141,727   130,658   15,800   38,379   0,000   0,000   0,000   562,959      
0,80/ 3   7,110   15,875   15,875   165,152   1,070   10,223   94,485   87,105   10,534   25,586   0,000   0,000   0,000   396,895      
0,80/ 4   9,479   21,166   21,166   123,864   0,803   7,667   70,864   65,329   7,900   19,190   0,000   0,000   0,000   320,338      
0,80/ 5   11,849   26,458   26,458   99,091   0,642   6,134   56,691   52,263   6,320   15,352   0,000   0,000   0,000   279,586      
0,80/ 6   14,219   31,749   31,749   82,576   0,535   5,112   47,242   43,553   5,267   12,793   0,000   0,000   0,000   256,735      
0,80/ 7   16,589   37,041   37,041   70,779   0,459   4,381   40,493   37,331   4,514   10,966   0,000   0,000   0,000   244,114      
0,80/ 8   18,959   42,332   42,332   61,932   0,401   3,834   35,432   32,665   3,950   9,595   0,000   0,000   0,000   237,887      
0,80/ 9   21,329   47,624   47,624   55,051   0,357   3,408   31,495   29,035   3,511   8,529   0,000   0,000   0,000   235,923      
0,80/10   23,698   52,915   52,915   49,546   0,321   3,067   28,345   26,132   3,160   7,676   0,000   0,000   0,000   236,939      
0,80/11   26,068   58,207   58,207   45,041   0,292   2,788   25,769   23,756   2,873   6,978   0,000   0,000   0,000   240,128      
0,80/12   28,438   63,498   63,498   41,288   0,268   2,556   23,621   21,776   2,633   6,397   0,000   0,000   0,000   244,943      
0,80/13   30,808   68,790   68,790   38,112   0,247   2,359   21,804   20,101   2,431   5,905   0,000   0,000   0,000   251,011      
0,80/14   33,178   74,081   74,081   35,390   0,229   2,191   20,247   18,665   2,257   5,483   0,000   0,000   0,000   258,062      
0,80/16   37,918   84,664   84,664   30,966   0,201   1,917   17,716   16,332   1,975   4,797   0,000   0,000   0,000   274,378      
                                                
ќптимизационные значени€
ar/ћес€ц   S1   S2   S3   S4   S5   S6   S7   S8   S9   S10   Sдоп1   Sдоп2   Sдоп3   —умма      
0,50/10   23,698   33,072   33,072   30,966   0,321   3,067   28,345   26,132   3,160   7,676   0,000   0,000   0,000   178,673      
0,33/11   26,068   24,229   24,229   18,748   0,292   2,788   25,769   23,756   2,873   6,978   0,000   0,000   0,000   145,879      
0,25/11   26,068   18,190   18,190   14,075   0,292   2,788   25,769   23,756   2,873   6,978   0,000   0,000   0,000   129,128      
0,20/12   28,438   15,875   15,875   10,322   0,268   2,556   23,621   21,776   2,633   6,397   0,000   0,000   0,000   118,731      
0,67/ 9   21,329   39,706   39,706   45,898   0,357   3,408   31,495   29,035   3,511   8,529   0,000   0,000   0,000   210,934      
0,63/10   23,698   41,340   41,340   38,707   0,321   3,067   28,345   26,132   3,160   7,676   0,000   0,000   0,000   202,95      
0,75/ 9   21,329   44,647   44,647   51,610   0,357   3,408   31,495   29,035   3,511   8,529   0,000   0,000   0,000   226,528      
0,80/ 9   21,329   47,624   47,624   55,051   0,357   3,408   31,495   29,035   3,511   8,529   0,000   0,000   0,000   235,923      
                                                
–асчет эффективности
ar/ћес€ц   —уп   Ён   Ёос   Ёоб   Ёс   Ёз   Ёq   Ёобщ      
0,50/10   17,34   3,72   0,05   0,03   0,02   0,00   5,57   134,81      
0,33/ 9   31,92   11,40   0,18   0,09   0,04   0,01   7,59   207,25      
ƒельта и т.д.
ar/ћес€ц   Smax   —умма   ƒельта Smax-—умма      
0,50/16   258,062   199,268   58,794      
0,33/16   258,062   157,458   100,604      
0,25/16   258,062   136,677   121,385      
0,20/16   258,062   124,157   133,905      
0,67/16   258,062   241,08   16,982      
0,63/16   258,062   230,564   27,498      
0,75/16   258,062   261,861   -3,799      
0,80/16   258,062   274,378   -16,316      
               
