–езультаты расчета
ar/ћес€ц   S1   S2   S3   S4   S5   S6   S7   S8   S9   S10   Sдоп1   Sдоп2   Sдоп3   —умма      
0,50/ 1   2,370   2,646   2,646   309,660   3,211   30,670   283,454   261,316   31,601   76,759   0,000   0,000   0,000   895,973      
0,50/ 2   4,740   5,292   5,292   154,830   1,605   15,335   141,727   130,658   15,800   38,379   0,000   0,000   0,000   459,479      
0,50/ 3   7,110   7,937   7,937   103,220   1,070   10,223   94,485   87,105   10,534   25,586   0,000   0,000   0,000   319,087      
0,50/ 4   9,479   10,583   10,583   77,415   0,803   7,667   70,864   65,329   7,900   19,190   0,000   0,000   0,000   252,723      
0,50/ 5   11,849   13,229   13,229   61,932   0,642   6,134   56,691   52,263   6,320   15,352   0,000   0,000   0,000   215,969      
0,50/ 6   14,219   15,875   15,875   51,610   0,535   5,112   47,242   43,553   5,267   12,793   0,000   0,000   0,000   194,021      
0,50/ 7   16,589   18,520   18,520   44,237   0,459   4,381   40,493   37,331   4,514   10,966   0,000   0,000   0,000   180,53      
0,50/ 8   18,959   21,166   21,166   38,707   0,401   3,834   35,432   32,665   3,950   9,595   0,000   0,000   0,000   172,33      
0,50/ 9   21,329   23,812   23,812   34,407   0,357   3,408   31,495   29,035   3,511   8,529   0,000   0,000   0,000   167,655      
0,50/10   23,698   26,458   26,458   30,966   0,321   3,067   28,345   26,132   3,160   7,676   0,000   0,000   0,000   165,445      
0,50/11   26,068   29,103   29,103   28,151   0,292   2,788   25,769   23,756   2,873   6,978   0,000   0,000   0,000   165,03      
0,50/12   28,438   31,749   31,749   25,805   0,268   2,556   23,621   21,776   2,633   6,397   0,000   0,000   0,000   165,962      
0,50/13   30,808   34,395   34,395   23,820   0,247   2,359   21,804   20,101   2,431   5,905   0,000   0,000   0,000   167,929      
0,50/14   33,178   37,041   37,041   22,119   0,229   2,191   20,247   18,665   2,257   5,483   0,000   0,000   0,000   170,711      
0,50/16   37,918   42,332   42,332   19,354   0,201   1,917   17,716   16,332   1,975   4,797   0,000   0,000   0,000   178,102      
0,33/ 1   2,370   1,762   1,762   206,233   3,211   30,670   283,454   261,316   31,601   76,759   0,000   0,000   0,000   790,778      
0,33/ 2   4,740   3,524   3,524   103,117   1,605   15,335   141,727   130,658   15,800   38,379   0,000   0,000   0,000   404,23      
0,33/ 3   7,110   5,286   5,286   68,744   1,070   10,223   94,485   87,105   10,534   25,586   0,000   0,000   0,000   279,309      
0,33/ 4   9,479   7,048   7,048   51,558   0,803   7,667   70,864   65,329   7,900   19,190   0,000   0,000   0,000   219,796      
0,33/ 5   11,849   8,810   8,810   41,247   0,642   6,134   56,691   52,263   6,320   15,352   0,000   0,000   0,000   186,446      
0,33/ 6   14,219   10,572   10,572   34,372   0,535   5,112   47,242   43,553   5,267   12,793   0,000   0,000   0,000   166,177      
0,33/ 7   16,589   12,335   12,335   29,462   0,459   4,381   40,493   37,331   4,514   10,966   0,000   0,000   0,000   153,385      
0,33/ 8   18,959   14,097   14,097   25,779   0,401   3,834   35,432   32,665   3,950   9,595   0,000   0,000   0,000   145,264      
0,33/ 9   21,329   15,859   15,859   22,915   0,357   3,408   31,495   29,035   3,511   8,529   0,000   0,000   0,000   140,257      
0,33/10   23,698   17,621   17,621   20,623   0,321   3,067   28,345   26,132   3,160   7,676   0,000   0,000   0,000   137,428      
0,33/11   26,068   19,383   19,383   18,748   0,292   2,788   25,769   23,756   2,873   6,978   0,000   0,000   0,000   136,187      
0,33/12   28,438   21,145   21,145   17,186   0,268   2,556   23,621   21,776   2,633   6,397   0,000   0,000   0,000   136,135      
0,33/13   30,808   22,907   22,907   15,864   0,247   2,359   21,804   20,101   2,431   5,905   0,000   0,000   0,000   136,997      
0,33/14   33,178   24,669   24,669   14,731   0,229   2,191   20,247   18,665   2,257   5,483   0,000   0,000   0,000   138,579      
0,33/16   37,918   28,193   28,193   12,890   0,201   1,917   17,716   16,332   1,975   4,797   0,000   0,000   0,000   143,36      
0,25/ 1   2,370   1,323   1,323   154,830   3,211   30,670   283,454   261,316   31,601   76,759   0,000   0,000   0,000   738,497      
0,25/ 2   4,740   2,646   2,646   77,415   1,605   15,335   141,727   130,658   15,800   38,379   0,000   0,000   0,000   376,772      
0,25/ 3   7,110   3,969   3,969   51,610   1,070   10,223   94,485   87,105   10,534   25,586   0,000   0,000   0,000   259,541      
0,25/ 4   9,479   5,292   5,292   38,707   0,803   7,667   70,864   65,329   7,900   19,190   0,000   0,000   0,000   203,433      
0,25/ 5   11,849   6,614   6,614   30,966   0,642   6,134   56,691   52,263   6,320   15,352   0,000   0,000   0,000   171,773      
0,25/ 6   14,219   7,937   7,937   25,805   0,535   5,112   47,242   43,553   5,267   12,793   0,000   0,000   0,000   152,34      
0,25/ 7   16,589   9,260   9,260   22,119   0,459   4,381   40,493   37,331   4,514   10,966   0,000   0,000   0,000   139,892      
0,25/ 8   18,959   10,583   10,583   19,354   0,401   3,834   35,432   32,665   3,950   9,595   0,000   0,000   0,000   131,811      
0,25/ 9   21,329   11,906   11,906   17,203   0,357   3,408   31,495   29,035   3,511   8,529   0,000   0,000   0,000   126,639      
0,25/10   23,698   13,229   13,229   15,483   0,321   3,067   28,345   26,132   3,160   7,676   0,000   0,000   0,000   123,504      
0,25/11   26,068   14,552   14,552   14,075   0,292   2,788   25,769   23,756   2,873   6,978   0,000   0,000   0,000   121,852      
0,25/12   28,438   15,875   15,875   12,902   0,268   2,556   23,621   21,776   2,633   6,397   0,000   0,000   0,000   121,311      
0,25/13   30,808   17,197   17,197   11,910   0,247   2,359   21,804   20,101   2,431   5,905   0,000   0,000   0,000   121,623      
0,25/14   33,178   18,520   18,520   11,059   0,229   2,191   20,247   18,665   2,257   5,483   0,000   0,000   0,000   122,609      
0,25/16   37,918   21,166   21,166   9,677   0,201   1,917   17,716   16,332   1,975   4,797   0,000   0,000   0,000   126,093      
0,20/ 1   2,370   1,058   1,058   123,864   3,211   30,670   283,454   261,316   31,601   76,759   0,000   0,000   0,000   707,001      
0,20/ 2   4,740   2,117   2,117   61,932   1,605   15,335   141,727   130,658   15,800   38,379   0,000   0,000   0,000   360,231      
0,20/ 3   7,110   3,175   3,175   41,288   1,070   10,223   94,485   87,105   10,534   25,586   0,000   0,000   0,000   247,631      
0,20/ 4   9,479   4,233   4,233   30,966   0,803   7,667   70,864   65,329   7,900   19,190   0,000   0,000   0,000   193,574      
0,20/ 5   11,849   5,292   5,292   24,773   0,642   6,134   56,691   52,263   6,320   15,352   0,000   0,000   0,000   162,936      
0,20/ 6   14,219   6,350   6,350   20,644   0,535   5,112   47,242   43,553   5,267   12,793   0,000   0,000   0,000   144,005      
0,20/ 7   16,589   7,408   7,408   17,695   0,459   4,381   40,493   37,331   4,514   10,966   0,000   0,000   0,000   131,764      
0,20/ 8   18,959   8,466   8,466   15,483   0,401   3,834   35,432   32,665   3,950   9,595   0,000   0,000   0,000   123,706      
0,20/ 9   21,329   9,525   9,525   13,763   0,357   3,408   31,495   29,035   3,511   8,529   0,000   0,000   0,000   118,437      
0,20/10   23,698   10,583   10,583   12,386   0,321   3,067   28,345   26,132   3,160   7,676   0,000   0,000   0,000   115,115      
0,20/11   26,068   11,641   11,641   11,260   0,292   2,788   25,769   23,756   2,873   6,978   0,000   0,000   0,000   113,215      
0,20/12   28,438   12,700   12,700   10,322   0,268   2,556   23,621   21,776   2,633   6,397   0,000   0,000   0,000   112,381      
0,20/13   30,808   13,758   13,758   9,528   0,247   2,359   21,804   20,101   2,431   5,905   0,000   0,000   0,000   112,363      
0,20/14   33,178   14,816   14,816   8,847   0,229   2,191   20,247   18,665   2,257   5,483   0,000   0,000   0,000   112,989      
0,20/16   37,918   16,933   16,933   7,741   0,201   1,917   17,716   16,332   1,975   4,797   0,000   0,000   0,000   115,691      
0,67/ 1   2,370   3,529   3,529   413,086   3,211   30,670   283,454   261,316   31,601   76,759   0,000   0,000   0,000   1001,165      
0,67/ 2   4,740   7,059   7,059   206,543   1,605   15,335   141,727   130,658   15,800   38,379   0,000   0,000   0,000   514,726      
0,67/ 3   7,110   10,588   10,588   137,695   1,070   10,223   94,485   87,105   10,534   25,586   0,000   0,000   0,000   358,864      
0,67/ 4   9,479   14,118   14,118   103,272   0,803   7,667   70,864   65,329   7,900   19,190   0,000   0,000   0,000   285,65      
0,67/ 5   11,849   17,647   17,647   82,617   0,642   6,134   56,691   52,263   6,320   15,352   0,000   0,000   0,000   245,49      
0,67/ 6   14,219   21,177   21,177   68,848   0,535   5,112   47,242   43,553   5,267   12,793   0,000   0,000   0,000   221,863      
0,67/ 7   16,589   24,706   24,706   59,012   0,459   4,381   40,493   37,331   4,514   10,966   0,000   0,000   0,000   207,677      
0,67/ 8   18,959   28,236   28,236   51,636   0,401   3,834   35,432   32,665   3,950   9,595   0,000   0,000   0,000   199,399      
0,67/ 9   21,329   31,765   31,765   45,898   0,357   3,408   31,495   29,035   3,511   8,529   0,000   0,000   0,000   195,052      
0,67/10   23,698   35,294   35,294   41,309   0,321   3,067   28,345   26,132   3,160   7,676   0,000   0,000   0,000   193,46      
0,67/11   26,068   38,824   38,824   37,553   0,292   2,788   25,769   23,756   2,873   6,978   0,000   0,000   0,000   193,874      
0,67/12   28,438   42,353   42,353   34,424   0,268   2,556   23,621   21,776   2,633   6,397   0,000   0,000   0,000   195,789      
0,67/13   30,808   45,883   45,883   31,776   0,247   2,359   21,804   20,101   2,431   5,905   0,000   0,000   0,000   198,861      
0,67/14   33,178   49,412   49,412   29,506   0,229   2,191   20,247   18,665   2,257   5,483   0,000   0,000   0,000   202,84      
0,67/16   37,918   56,471   56,471   25,818   0,201   1,917   17,716   16,332   1,975   4,797   0,000   0,000   0,000   212,844      
0,63/ 1   2,370   3,307   3,307   387,075   3,211   30,670   283,454   261,316   31,601   76,759   0,000   0,000   0,000   974,71      
0,63/ 2   4,740   6,614   6,614   193,537   1,605   15,335   141,727   130,658   15,800   38,379   0,000   0,000   0,000   500,83      
0,63/ 3   7,110   9,922   9,922   129,025   1,070   10,223   94,485   87,105   10,534   25,586   0,000   0,000   0,000   348,862      
0,63/ 4   9,479   13,229   13,229   96,769   0,803   7,667   70,864   65,329   7,900   19,190   0,000   0,000   0,000   277,369      
0,63/ 5   11,849   16,536   16,536   77,415   0,642   6,134   56,691   52,263   6,320   15,352   0,000   0,000   0,000   238,066      
0,63/ 6   14,219   19,843   19,843   64,512   0,535   5,112   47,242   43,553   5,267   12,793   0,000   0,000   0,000   214,859      
0,63/ 7   16,589   23,150   23,150   55,296   0,459   4,381   40,493   37,331   4,514   10,966   0,000   0,000   0,000   200,849      
0,63/ 8   18,959   26,458   26,458   48,384   0,401   3,834   35,432   32,665   3,950   9,595   0,000   0,000   0,000   192,591      
0,63/ 9   21,329   29,765   29,765   43,008   0,357   3,408   31,495   29,035   3,511   8,529   0,000   0,000   0,000   188,162      
0,63/10   23,698   33,072   33,072   38,707   0,321   3,067   28,345   26,132   3,160   7,676   0,000   0,000   0,000   186,414      
0,63/11   26,068   36,379   36,379   35,189   0,292   2,788   25,769   23,756   2,873   6,978   0,000   0,000   0,000   186,62      
0,63/12   28,438   39,686   39,686   32,256   0,268   2,556   23,621   21,776   2,633   6,397   0,000   0,000   0,000   188,287      
0,63/13   30,808   42,994   42,994   29,775   0,247   2,359   21,804   20,101   2,431   5,905   0,000   0,000   0,000   191,082      
0,63/14   33,178   46,301   46,301   27,648   0,229   2,191   20,247   18,665   2,257   5,483   0,000   0,000   0,000   194,76      
0,63/16   37,918   52,915   52,915   24,192   0,201   1,917   17,716   16,332   1,975   4,797   0,000   0,000   0,000   204,106      
0,75/ 1   2,370   3,969   3,969   464,490   3,211   30,670   283,454   261,316   31,601   76,759   0,000   0,000   0,000   1053,449      
0,75/ 2   4,740   7,937   7,937   232,245   1,605   15,335   141,727   130,658   15,800   38,379   0,000   0,000   0,000   542,184      
0,75/ 3   7,110   11,906   11,906   154,830   1,070   10,223   94,485   87,105   10,534   25,586   0,000   0,000   0,000   378,635      
0,75/ 4   9,479   15,875   15,875   116,122   0,803   7,667   70,864   65,329   7,900   19,190   0,000   0,000   0,000   302,014      
0,75/ 5   11,849   19,843   19,843   92,898   0,642   6,134   56,691   52,263   6,320   15,352   0,000   0,000   0,000   260,163      
0,75/ 6   14,219   23,812   23,812   77,415   0,535   5,112   47,242   43,553   5,267   12,793   0,000   0,000   0,000   235,7      
0,75/ 7   16,589   27,780   27,780   66,356   0,459   4,381   40,493   37,331   4,514   10,966   0,000   0,000   0,000   221,169      
0,75/ 8   18,959   31,749   31,749   58,061   0,401   3,834   35,432   32,665   3,950   9,595   0,000   0,000   0,000   212,85      
0,75/ 9   21,329   35,718   35,718   51,610   0,357   3,408   31,495   29,035   3,511   8,529   0,000   0,000   0,000   208,67      
0,75/10   23,698   39,686   39,686   46,449   0,321   3,067   28,345   26,132   3,160   7,676   0,000   0,000   0,000   207,384      
0,75/11   26,068   43,655   43,655   42,226   0,292   2,788   25,769   23,756   2,873   6,978   0,000   0,000   0,000   208,209      
0,75/12   28,438   47,624   47,624   38,707   0,268   2,556   23,621   21,776   2,633   6,397   0,000   0,000   0,000   210,614      
0,75/13   30,808   51,592   51,592   35,730   0,247   2,359   21,804   20,101   2,431   5,905   0,000   0,000   0,000   214,233      
0,75/14   33,178   55,561   55,561   33,178   0,229   2,191   20,247   18,665   2,257   5,483   0,000   0,000   0,000   218,81      
0,75/16   37,918   63,498   63,498   29,031   0,201   1,917   17,716   16,332   1,975   4,797   0,000   0,000   0,000   230,111      
0,80/ 1   2,370   4,233   4,233   495,456   3,211   30,670   283,454   261,316   31,601   76,759   0,000   0,000   0,000   1084,943      
0,80/ 2   4,740   8,466   8,466   247,728   1,605   15,335   141,727   130,658   15,800   38,379   0,000   0,000   0,000   558,725      
0,80/ 3   7,110   12,700   12,700   165,152   1,070   10,223   94,485   87,105   10,534   25,586   0,000   0,000   0,000   390,545      
0,80/ 4   9,479   16,933   16,933   123,864   0,803   7,667   70,864   65,329   7,900   19,190   0,000   0,000   0,000   311,872      
0,80/ 5   11,849   21,166   21,166   99,091   0,642   6,134   56,691   52,263   6,320   15,352   0,000   0,000   0,000   269,002      
0,80/ 6   14,219   25,399   25,399   82,576   0,535   5,112   47,242   43,553   5,267   12,793   0,000   0,000   0,000   244,035      
0,80/ 7   16,589   29,633   29,633   70,779   0,459   4,381   40,493   37,331   4,514   10,966   0,000   0,000   0,000   229,298      
0,80/ 8   18,959   33,866   33,866   61,932   0,401   3,834   35,432   32,665   3,950   9,595   0,000   0,000   0,000   220,955      
0,80/ 9   21,329   38,099   38,099   55,051   0,357   3,408   31,495   29,035   3,511   8,529   0,000   0,000   0,000   216,873      
0,80/10   23,698   42,332   42,332   49,546   0,321   3,067   28,345   26,132   3,160   7,676   0,000   0,000   0,000   215,773      
0,80/11   26,068   46,565   46,565   45,041   0,292   2,788   25,769   23,756   2,873   6,978   0,000   0,000   0,000   216,844      
0,80/12   28,438   50,799   50,799   41,288   0,268   2,556   23,621   21,776   2,633   6,397   0,000   0,000   0,000   219,545      
0,80/13   30,808   55,032   55,032   38,112   0,247   2,359   21,804   20,101   2,431   5,905   0,000   0,000   0,000   223,495      
0,80/14   33,178   59,265   59,265   35,390   0,229   2,191   20,247   18,665   2,257   5,483   0,000   0,000   0,000   228,43      
0,80/16   37,918   67,731   67,731   30,966   0,201   1,917   17,716   16,332   1,975   4,797   0,000   0,000   0,000   240,512      
                                                
ќптимизационные значени€
ar/ћес€ц   S1   S2   S3   S4   S5   S6   S7   S8   S9   S10   Sдоп1   Sдоп2   Sдоп3   —умма      
0,50/11   26,068   29,103   29,103   28,151   0,292   2,788   25,769   23,756   2,873   6,978   0,000   0,000   0,000   165,03      
0,33/12   28,438   21,145   21,145   17,186   0,268   2,556   23,621   21,776   2,633   6,397   0,000   0,000   0,000   136,135      
0,25/12   28,438   15,875   15,875   12,902   0,268   2,556   23,621   21,776   2,633   6,397   0,000   0,000   0,000   121,311      
0,20/13   30,808   13,758   13,758   9,528   0,247   2,359   21,804   20,101   2,431   5,905   0,000   0,000   0,000   112,363      
0,67/10   23,698   35,294   35,294   41,309   0,321   3,067   28,345   26,132   3,160   7,676   0,000   0,000   0,000   193,46      
0,63/10   23,698   33,072   33,072   38,707   0,321   3,067   28,345   26,132   3,160   7,676   0,000   0,000   0,000   186,414      
0,75/10   23,698   39,686   39,686   46,449   0,321   3,067   28,345   26,132   3,160   7,676   0,000   0,000   0,000   207,384      
0,80/10   23,698   42,332   42,332   49,546   0,321   3,067   28,345   26,132   3,160   7,676   0,000   0,000   0,000   215,773      
                                                
–асчет эффективности
ar/ћес€ц   —уп   Ён   Ёос   Ёоб   Ёс   Ёз   Ёq   Ёобщ      
0,50/11   14,45   2,06   0,03   0,01   0,02   0,00   5,57   126,95      
0,33/ 9   31,92   11,40   0,18   0,09   0,04   0,01   7,59   207,25      
ƒельта и т.д.
ar/ћес€ц   Smax   —умма   ƒельта Smax-—умма      
0,50/16   228,43   178,102   50,328      
0,33/16   228,43   143,36   85,070      
0,25/16   228,43   126,093   102,337      
0,20/16   228,43   115,691   112,739      
0,67/16   228,43   212,844   15,586      
0,63/16   228,43   204,106   24,324      
0,75/16   228,43   230,111   -1,681      
0,80/16   228,43   240,512   -12,082      
               
